26940 29197
26677 30045
25118 32180
32558 32795
34491 34610
34271 34709
34515 35027
31148 35192
33295 35252
35308 35436
28750 35491
34901 35756
34272 35793
32515 35968
34247 36018
35065 36436
29466 36520
33970 36520
34597 36697
35340 36783
31951 36875
27289 36908
33608 36912
32016 37131
35420 37152
35507 37285
31277 37285
36862 37317
35873 37341
37088 37369
36413 37394
36874 37481
36348 37494
37300 37503
31588 37530
36356 37535
34195 37546
35589 37671
34805 37716
34832 37732
37054 37774
37213 37830
32101 37908
36458 37991
31909 37993
35917 38014
34597 38087
33504 38175
34165 38197
36402 38197
34518 38213
32906 38213
35312 38227
32732 38229
37787 38251
36070 38254
37118 38254
34080 38255
33600 38255
29825 38267
36740 38267
37472 38287
37819 38294
36762 38354
35580 38392
36021 38394
36986 38395
32173 38395
36176 38429
37912 38437
36501 38477
37992 38502
38225 38516
38266 38527
37570 38528
37544 38550
34470 38576
38079 38683
37195 38732
36797 38734
37148 38755
38617 38801
37799 38842
37954 38847
37736 38865
38628 38870
38195 38896
38091 38906
38749 38913
32336 38918
38061 38966
30346 38984
38600 38988
37586 38999
35239 39003
38234 39004
28647 39009
34919 39012
39022 39038
36108 39043
34217 39045
32777 39059
38110 39072
37601 39088
35873 39103
36192 39116
39059 39137
37344 39138
32633 39149
38949 39156
39050 39188
37004 39227
37523 39250
38249 39250
38468 39258
34653 39277
36808 39285
38483 39285
39256 39304
27594 39320
32062 39333
37730 39340
35458 39399
39309 39423
36550 39433
30518 39461
39422 39497
36684 39501
39073 39515
22508 39518
35260 39528
37649 39539
36721 39545
33304 39549
37972 39551
35359 39551
36620 39554
39346 39562
39435 39567
39252 39571
30513 39583
39282 39589
39390 39597
39208 39612
37886 39634
39623 39635
37276 39637
38868 39642
36539 39644
39181 39647
30273 39658
35868 39673
31803 39677
37646 39680
39328 39688
32022 39695
29370 39707
39328 39712
37479 39716
38908 39716
36583 39725
33514 39733
36311 39736
34805 39742
39022 39759
37338 39769
27558 39769
38325 39780
39167 39786
38821 39787
27694 39794
35503 39796
35543 39811
37879 39811
39063 39811
30609 39815
37892 39832
30495 39839
38636 39841
38517 39857
37088 39873
39596 39875
36870 39875
34406 39889
37365 39894
39322 39894
36295 39894
39766 39899
37433 39903
21841 39906
30248 39913
38141 39914
36283 39915
33794 39921
39119 39923
39761 39929
39181 39934
39512 39936
39249 39950
38287 39954
37768 39958
33995 39962
36568 39962
37147 39966
38194 39968
38789 39974
38401 39976
39964 39989
39541 40001
38225 40002
39690 40002
37067 40011
39715 40014
39324 40021
39282 40028
39595 40031
39225 40053
35323 40061
36521 40061
35941 40078
39734 40081
38835 40090
35662 40092
35419 40103
39145 40114
39483 40117
39373 40136
38960 40146
35789 40148
38687 40151
19185 40158
38534 40159
38496 40159
38315 40166
39227 40172
38601 40174
40039 40176
36891 40176
38750 40176
35355 40192
40160 40200
40168 40214
30938 40216
40113 40220
37303 40228
40181 40236
39387 40236
39964 40240
29867 40244
39923 40246
38153 40253
40258 40267
39220 40275
39611 40275
39310 40279
39030 40288
36511 40290
38908 40296
38671 40308
39570 40310
35070 40318
33374 40324
39689 40324
39057 40325
40078 40332
39525 40333
35637 40335
40091 40338
37637 40340
40243 40340
38160 40347
40101 40353
18299 40358
39134 40367
38364 40369
39946 40370
39654 40376
40204 40377
36315 40381
40323 40384
39206 40385
33803 40412
38324 40414
32078 40415
38209 40424
39429 40425
38152 40427
30325 40427
30383 40428
40054 40434
34525 40437
38902 40438
40142 40445
37939 40448
40305 40454
40279 40460
38814 40462
30408 40462
38547 40465
38431 40466
39278 40467
38954 40481
40033 40492
39603 40495
39506 40506
40037 40520
37414 40522
38339 40523
40466 40523
34524 40527
39806 40532
40058 40532
39985 40533
32767 40533
34538 40537
37932 40538
40308 40538
39503 40540
34785 40540
40131 40542
40388 40543
40415 40551
28519 40554
37438 40570
36597 40574
40021 40584
37278 40584
39129 40589
38087 40589
39263 40590
29559 40592
29258 40593
36166 40596
34084 40600
39587 40603
39548 40605
25491 40609
38846 40613
39165 40613
39647 40615
39308 40616
29028 40617
31758 40619
35869 40625
39696 40626
39366 40626
38656 40629
37576 40630
39740 40633
39931 40635
37040 40635
33908 40636
35297 40645
27092 40646
36323 40651
26422 40653
38564 40654
33895 40659
39173 40660
39462 40661
39935 40662
34983 40680
40650 40680
38993 40681
40372 40681
28701 40688
38858 40693
38598 40696
35695 40696
39183 40696
38359 40699
40471 40699
40096 40704
28586 40719
37355 40721
38017 40730
37488 40730
38988 40731
38489 40732
40235 40736
38485 40737
40572 40747
40316 40750
36166 40756
39854 40758
38848 40758
39841 40761
30015 40761
40668 40762
39027 40763
38757 40771
39450 40771
27946 40772
35123 40773
40717 40776
40501 40777
38948 40780
29055 40781
40320 40782
40440 40782
40179 40783
38420 40790
36873 40792
39558 40795
31086 40798
37214 40800
33657 40800
37875 40820
36367 40820
35321 40823
28749 40823
40798 40823
40643 40824
39316 40826
40761 40828
40647 40828
38632 40829
35576 40832
39977 40836
39185 40841
40565 40849
36914 40851
40682 40852
39195 40852
40470 40854
37887 40858
40218 40862
38604 40862
38081 40863
39285 40866
40134 40866
40645 40873
40072 40874
35324 40878
36986 40882
37619 40885
40178 40892
40427 40892
38974 40893
39505 40898
40830 40901
37802 40903
37486 40905
36703 40909
40614 40913
40214 40916
39432 40916
38861 40916
38539 40918
39419 40921
37464 40924
36786 40926
39927 40926
35331 40927
40410 40935
39037 40936
38350 40938
39226 40945
37535 40948
26979 40949
40663 40952
26684 40953
35890 40955
27551 40955
37540 40961
39464 40963
20192 40971
40388 40971
34426 40971
36280 40971
35555 40973
20005 40976
40256 40976
40139 40977
29309 40980
37294 40984
39863 40986
40749 40998
30454 41003
40316 41004
27062 41007
32670 41016
35032 41017
37127 41026
40509 41031
31459 41037
36364 41039
40842 41042
40906 41042
38183 41043
38373 41044
39975 41044
31392 41046
39823 41048
38864 41048
36750 41051
39001 41052
31963 41060
40855 41062
40336 41062
40636 41070
40175 41073
40467 41074
41046 41079
37734 41081
37385 41083
33693 41083
40777 41083
40206 41086
38775 41089
33483 41089
35864 41092
36858 41092
35469 41100
40649 41103
38074 41105
39769 41106
35653 41106
37210 41106
24851 41107
40765 41108
40907 41108
40619 41108
40659 41109
36793 41110
38244 41110
37446 41110
33138 41112
40356 41116
31450 41120
41035 41122
40603 41124
39772 41124
38544 41127
35166 41127
35329 41133
38400 41139
41113 41140
38085 41142
38132 41146
40150 41154
39657 41155
35474 41156
38878 41159
39191 41162
38255 41163
38353 41164
41093 41170
40307 41172
40827 41175
41128 41184
40246 41185
38476 41186
40558 41187
40562 41187
37638 41188
40037 41189
40750 41191
38883 41191
37580 41192
41139 41192
38864 41197
40665 41200
40589 41205
38852 41206
39881 41210
35175 41214
40106 41214
37978 41215
39900 41218
40338 41218
40229 41221
39638 41222
37900 41223
34814 41224
37463 41229
40121 41230
37043 41230
33960 41232
40498 41235
40554 41242
27878 41243
40164 41245
39922 41245
37880 41246
39352 41248
40536 41248
39770 41252
39589 41252
39418 41253
39239 41262
40502 41262
29790 41264
38543 41266
36785 41267
38757 41271
34669 41276
39608 41278
40726 41279
40346 41280
31894 41281
39507 41284
39348 41286
40596 41288
41204 41288
39332 41290
40804 41290
38581 41291
40293 41294
36892 41295
37461 41297
38516 41299
40185 41299
40574 41299
26583 41306
40913 41307
38367 41313
38839 41314
40660 41315
39378 41315
40452 41316
40843 41322
39269 41323
41075 41323
41065 41323
33305 41327
27418 41337
40913 41337
37306 41341
39960 41347
36360 41348
41236 41348
41249 41349
40477 41351
39188 41352
40214 41352
40712 41352
40903 41353
36368 41354
39439 41356
41189 41356
40789 41357
40595 41360
34562 41363
38929 41363
41341 41364
39707 41366
41270 41372
40253 41372
40992 41372
32163 41383
39862 41386
35874 41386
41256 41387
41211 41387
36834 41392
40868 41400
40423 41401
40938 41401
31852 41404
40335 41404
33248 41405
37839 41406
40439 41406
39921 41406
37607 41406
39679 41408
40750 41415
24865 41417
31775 41418
38865 41418
33889 41419
38604 41421
40896 41422
40984 41425
40944 41427
38642 41429
39167 41431
39243 41431
40732 41434
41429 41435
40658 41435
39399 41441
41207 41441
39863 41443
40762 41443
38683 41443
32379 41444
32501 41446
40168 41447
36784 41448
39837 41451
33124 41451
40308 41453
40768 41453
38172 41456
40689 41457
41171 41461
41101 41464
39659 41464
38518 41465
38417 41466
41304 41469
39001 41470
30861 41470
40999 41471
35782 41473
38104 41473
41291 41474
40049 41475
38071 41475
40740 41475
38388 41475
39189 41478
37944 41480
39477 41481
37014 41484
39426 41485
41012 41491
40117 41493
39933 41493
34093 41495
39730 41498
40013 41498
40483 41499
39467 41502
24380 41510
40120 41510
38423 41512
38056 41514
35486 41514
36749 41515
35047 41519
40374 41519
37261 41520
40129 41522
41316 41525
37358 41528
38373 41528
29728 41532
36838 41538
40162 41539
37497 41540
41060 41541
32328 41544
40771 41544
39090 41545
40698 41547
39542 41549
41425 41550
38480 41553
40994 41561
38021 41562
33874 41562
40981 41563
36067 41565
41379 41568
39197 41571
41346 41571
40172 41572
41561 41576
38743 41576
39564 41578
41479 41579
40125 41579
39764 41579
40439 41579
40707 41580
31717 41581
39131 41581
41419 41582
40403 41583
39342 41584
41404 41585
40464 41585
37167 41586
39802 41587
32415 41588
40675 41589
41306 41589
39996 41590
25485 41596
40670 41599
40693 41600
35106 41601
29675 41601
41501 41601
40202 41605
39037 41607
25713 41607
36387 41607
36019 41607
41508 41608
40477 41613
35748 41617
28153 41621
33935 41624
36045 41626
39212 41626
39082 41630
40251 41631
38137 41633
39186 41633
40523 41634
41202 41634
39038 41636
41625 41638
35373 41638
40192 41640
41056 41640
39282 41641
41119 41641
39587 41642
41161 41643
37746 41643
40460 41643
39657 41644
41622 41644
39168 41645
38225 41647
33268 41648
41450 41657
27581 41659
39688 41659
33544 41659
35801 41662
40656 41664
39853 41665
31157 41665
40791 41666
20376 41667
41060 41667
41021 41669
18832 41676
40890 41677
41421 41680
39618 41683
40631 41683
40153 41684
23572 41684
41414 41684
41565 41686
40866 41687
33439 41688
40340 41688
37998 41691
41389 41691
40448 41692
28066 41692
39527 41694
39723 41695
34654 41695
41401 41696
40177 41698
41538 41699
28892 41708
36529 41710
22972 41711
40577 41711
38473 41711
39830 41712
32742 41714
40580 41715
40267 41717
41183 41718
41586 41719
39929 41719
38277 41719
37222 41727
40524 41729
40916 41731
39254 41739
38392 41743
41386 41743
39604 41743
36389 41745
41656 41747
30175 41748
41548 41751
38728 41753
39228 41755
41588 41755
24052 41756
41630 41759
41600 41761
41535 41765
34896 41771
39699 41775
41576 41777
34233 41784
41469 41786
40636 41787
40599 41787
38463 41787
40387 41787
37817 41789
39800 41790
33819 41794
32016 41795
41148 41797
38166 41797
41297 41801
39602 41805
40683 41805
37181 41810
36617 41811
32272 41817
39434 41819
41016 41819
39371 41820
41642 41823
18733 41824
41280 41824
27084 41824
38620 41826
32900 41826
40905 41827
41571 41837
40336 41839
33740 41842
39619 41845
41772 41848
39554 41848
39888 41848
38000 41850
40800 41854
37563 41858
41785 41864
40947 41865
38181 41865
41552 41867
37091 41867
41753 41870
40286 41871
39704 41872
40528 41873
40759 41874
41775 41875
41248 41878
41592 41880
41856 41883
41855 41883
41033 41884
41080 41884
41766 41887
39962 41890
40340 41891
40702 41892
40994 41893
17915 41895
39998 41896
41519 41901
38800 41901
40280 41901
34970 41901
41328 41901
41755 41909
41492 41910
32577 41913
41567 41914
41862 41914
40735 41914
40626 41915
41276 41920
40754 41920
41669 41923
40630 41924
38888 41924
40648 41925
41462 41927
40478 41932
40903 41934
33186 41935
40286 41941
32662 41941
35643 41941
39460 41942
37882 41943
41143 41943
37013 41943
41491 41944
40121 41947
39834 41948
39955 41948
40015 41951
38816 41952
40782 41954
40694 41954
41559 41954
38567 41957
41215 41957
41797 41958
41612 41958
41487 41959
41806 41960
41124 41960
39969 41966
41896 41966
37520 41966
40971 41968
41781 41971
41768 41972
41269 41972
39153 41973
35306 41974
38240 41975
41342 41976
38762 41981
39593 41983
34000 41983
41703 41986
41608 41987
39086 41987
37717 41990
41564 41991
40861 41997
37196 42003
41345 42006
37068 42007
41977 42007
41994 42009
38530 42011
39661 42013
41529 42014
40371 42015
36901 42015
40524 42018
39688 42020
39182 42020
41932 42023
38810 42024
35987 42028
42016 42029
39416 42030
35073 42031
40900 42032
38663 42032
39397 42034
40367 42035
41014 42039
26912 42047
41279 42050
40833 42055
32635 42059
41554 42060
37332 42060
40451 42060
41795 42061
36551 42063
40957 42064
41815 42066
32303 42066
39354 42066
41932 42067
41365 42067
41469 42068
40895 42068
38673 42071
36205 42072
39680 42073
40883 42073
39104 42074
35725 42078
40490 42080
40907 42080
40759 42080
40718 42080
40173 42084
41496 42084
41511 42084
41420 42084
41910 42085
40827 42086
40171 42086
42058 42086
38995 42087
41350 42089
37692 42089
39447 42090
40801 42095
41953 42095
40588 42095
30341 42095
41498 42096
39845 42096
41249 42097
41525 42099
41024 42100
41417 42102
40621 42102
41380 42107
41442 42108
40383 42109
41398 42111
38119 42113
32185 42114
41343 42117
39340 42118
40371 42121
42016 42124
40629 42125
38021 42125
42086 42126
41004 42126
41893 42127
42117 42131
41889 42132
40050 42133
41693 42135
37123 42139
37151 42139
29513 42150
41417 42150
42009 42150
39214 42151
42136 42152
40088 42153
40826 42159
40884 42163
40037 42165
40223 42166
40847 42167
38750 42167
34370 42168
42106 42168
41341 42169
36392 42170
38425 42170
41998 42170
41020 42173
41476 42174
41352 42177
39643 42177
40891 42177
38867 42179
41421 42179
41070 42186
41293 42190
41902 42191
40568 42192
41510 42193
41941 42195
33697 42195
41717 42196
39991 42196
38861 42199
41165 42201
41739 42201
41548 42208
40622 42208
40903 42211
41578 42212
39727 42214
33680 42215
41896 42216
42200 42217
42171 42218
40268 42219
35573 42226
40807 42231
40660 42235
37910 42237
42126 42238
41098 42241
39029 42244
41912 42245
40534 42245
37822 42246
41372 42246
41641 42249
35582 42250
41412 42251
40271 42251
42125 42251
38597 42252
40893 42252
39607 42253
41292 42255
42063 42256
40886 42257
40778 42263
41128 42264
37506 42265
40582 42267
40318 42267
41588 42267
33734 42269
39268 42269
41851 42269
41583 42269
41083 42269
33496 42269
42147 42272
41992 42275
39355 42277
40667 42279
39654 42280
36816 42283
40716 42283
41419 42284
41944 42285
41397 42285
37946 42287
41591 42288
42035 42288
40957 42288
34229 42291
38812 42292
39899 42294
39554 42295
39144 42297
41639 42297
37932 42298
42287 42298
38266 42304
41578 42306
37614 42307
39507 42307
41634 42309
40254 42310
42128 42310
41560 42312
38014 42313
41217 42314
40831 42314
34034 42314
22365 42317
36133 42318
41309 42318
38916 42319
32002 42319
39995 42320
39841 42321
41300 42321
42055 42324
40805 42324
41598 42328
42195 42329
40590 42331
41439 42331
41710 42332
37288 42334
38216 42335
41776 42335
41373 42339
39872 42342
41827 42343
31131 42343
37073 42343
41377 42344
42262 42346
42020 42348
39689 42351
42183 42351
39626 42351
41340 42353
38788 42355
42320 42355
41665 42355
40220 42355
39483 42358
37324 42359
17091 42361
42083 42366
41054 42370
39022 42371
39164 42375
37928 42375
40993 42375
42333 42377
39845 42379
41461 42380
38682 42380
41945 42389
21226 42392
42297 42394
41671 42394
37381 42399
39361 42402
37753 42402
41397 42403
41519 42409
32505 42412
42237 42412
41349 42413
39211 42415
40182 42416
41769 42418
38732 42418
42309 42419
40913 42420
41223 42421
36004 42423
32658 42423
39835 42425
41751 42426
40078 42430
40993 42432
40132 42432
41733 42433
40897 42443
41375 42448
40632 42449
30530 42455
41180 42456
39583 42457
41843 42458
40798 42460
41802 42461
41491 42462
41364 42462
41151 42463
40846 42464
41949 42467
41295 42469
40900 42469
37292 42471
38645 42471
42035 42471
24446 42472
42404 42476
42175 42477
41074 42478
42416 42480
36160 42482
42466 42482
42215 42483
41727 42485
42282 42488
39590 42490
40068 42492
42356 42492
40493 42494
41028 42499
41601 42501
35647 42504
37581 42506
40320 42510
39874 42512
42244 42513
42233 42513
42436 42516
35315 42517
40302 42517
38963 42517
39804 42518
41745 42518
41221 42520
39484 42521
40950 42524
41005 42531
41070 42532
41506 42534
40826 42534
40235 42535
41978 42536
41565 42538
39381 42538
41736 42538
40786 42542
41309 42543
36299 42543
40915 42544
42083 42544
41825 42546
37240 42551
40511 42551
40930 42553
42102 42556
38922 42557
41541 42565
38050 42565
39158 42566
40111 42569
39847 42570
42303 42576
41989 42581
37743 42582
39305 42582
42423 42582
41257 42587
40653 42589
41344 42591
40302 42591
42232 42592
39526 42596
42477 42598
39965 42598
33231 42600
41664 42606
39316 42610
41229 42612
40833 42612
42435 42616
39647 42619
40258 42619
41285 42620
42262 42622
42325 42622
41252 42624
40739 42626
41975 42626
40781 42630
36159 42635
38778 42636
41145 42636
41853 42639
42286 42639
41157 42642
41486 42649
42615 42651
42444 42651
41390 42653
42181 42653
41840 42655
42413 42656
35053 42670
36635 42683
40437 42684
29854 42684
37984 42685
40882 42685
42377 42688
40909 42690
40935 42690
42270 42692
41427 42710
40787 42710
42602 42710
40725 42711
41209 42712
41301 42713
38663 42714
38171 42717
41147 42717
40786 42720
36468 42721
38373 42722
41417 42723
40902 42723
41370 42724
41222 42726
40408 42728
39455 42729
41906 42730
42718 42735
42733 42738
40525 42744
42298 42748
41335 42753
38117 42755
35995 42755
42239 42757
42451 42757
42677 42758
42766 42769
42044 42769
42625 42771
36908 42774
39926 42774
41055 42784
41611 42785
41839 42786
41816 42789
41952 42789
37561 42795
38072 42799
42576 42799
41483 42807
42737 42807
40495 42807
42193 42808
42270 42809
42222 42813
40128 42814
40695 42817
41487 42817
42420 42827
38949 42828
41038 42830
42129 42834
42189 42835
42248 42836
40531 42841
42078 42843
41582 42843
41565 42846
33807 42850
41508 42853
34545 42855
41440 42861
38888 42861
42082 42867
42416 42870
41309 42875
42670 42877
40258 42886
40493 42893
33133 42893
42221 42895
40059 42900
42667 42907
40738 42910
42274 42913
42912 42915
41485 42916
40852 42916
39891 42916
41191 42920
38604 42920
42547 42920
41620 42922
42082 42923
41962 42925
42025 42926
40471 42926
42039 42928
42037 42931
41903 42932
42784 42933
41495 42934
37268 42938
42583 42939
39056 42946
42519 42949
40807 42950
42511 42950
40345 42951
40322 42953
41066 42955
39581 42955
42025 42961
41062 42962
37812 42965
39355 42973
37301 42977
41718 42982
41578 42983
38254 42987
40982 42992
39199 42996
36468 42997
42117 43008
42835 43010
39309 43020
42002 43020
42910 43025
34143 43025
41869 43026
42344 43028
39677 43028
35805 43035
41927 43040
42396 43044
41915 43046
41000 43055
40549 43057
42039 43069
42146 43073
38145 43076
42414 43078
42222 43078
41499 43079
39751 43083
42393 43094
39776 43097
41024 43100
42592 43101
42664 43101
42983 43103
41187 43105
33588 43108
42325 43110
42888 43123
43115 43124
42518 43124
41104 43124
42643 43130
42673 43131
39839 43132
35192 43135
42274 43136
42800 43139
41842 43142
42730 43142
33942 43152
39711 43155
43040 43157
42599 43163
41620 43167
42515 43170
42356 43171
42176 43175
40280 43178
42450 43178
42162 43178
40527 43183
42782 43184
41725 43187
37619 43187
39019 43188
42995 43189
41746 43194
43113 43203
38137 43212
42131 43212
37497 43213
42365 43218
36897 43219
42370 43221
42016 43222
31860 43222
40590 43226
41601 43228
42505 43235
41566 43237
42085 43238
36866 43244
38923 43245
39347 43248
42340 43248
42403 43249
40899 43254
43204 43257
40204 43259
42806 43266
42224 43268
42646 43270
36642 43270
40053 43277
42145 43285
42631 43289
36961 43299
42525 43302
39658 43303
41956 43304
40713 43305
42259 43308
42581 43311
19187 43318
42200 43319
42027 43321
34290 43333
33978 43336
36641 43338
42029 43361
43127 43361
41876 43370
42987 43377
40621 43380
40321 43381
43374 43384
41329 43387
41409 43394
16225 43397
41410 43398
42303 43398
43111 43400
41210 43411
39815 43412
34744 43416
39812 43426
41046 43426
43238 43427
33665 43436
41653 43442
34368 43444
42848 43449
37816 43450
38572 43451
41105 43454
42333 43458
42659 43465
40605 43468
42359 43474
40138 43476
43302 43476
37987 43483
40911 43498
38970 43500
41659 43502
39884 43509
34696 43510
40269 43517
43073 43524
43344 43538
42032 43539
36932 43546
43227 43546
42909 43551
40854 43555
43489 43558
40465 43564
43514 43570
42791 43576
42732 43576
43119 43579
40769 43579
40374 43581
41522 43583
40689 43584
36890 43591
40113 43597
38798 43599
41616 43609
41511 43610
41769 43617
42049 43624
40543 43639
36224 43640
39559 43641
43539 43646
37524 43647
39537 43655
43357 43658
43539 43658
42959 43665
43626 43668
43225 43670
43519 43670
41530 43673
29398 43674
39858 43679
40573 43679
40182 43689
42842 43700
40726 43719
37894 43722
40370 43740
37421 43741
43684 43743
43347 43748
37657 43749
38276 43750
41863 43756
40711 43757
42572 43760
42695 43761
42254 43761
43582 43764
37088 43766
41931 43767
42947 43768
39902 43768
43434 43768
43542 43769
43721 43772
40613 43772
38108 43773
40180 43776
42860 43806
41793 43812
43789 43814
40985 43815
40790 43817
43570 43817
41434 43820
43748 43822
41529 43826
39922 43828
43418 43836
41072 43837
42047 43843
39592 43844
43739 43846
38347 43849
43804 43850
43810 43855
37154 43858
42006 43863
43747 43868
43801 43870
43555 43870
42559 43871
43809 43875
39040 43876
39556 43876
40762 43886
43009 43892
43894 43899
40234 43902
43902 43905
43845 43908
42921 43909
42156 43920
42680 43921
37754 43926
43801 43927
42837 43928
43467 43929
39405 43937
43935 43941
43452 43944
43073 43952
43813 43953
36045 43953
40639 43956
43792 43956
43332 43960
39263 43968
43892 43969
43870 43974
41728 43976
41777 43982
43912 43984
43764 43986
43917 43992
38222 43994
43965 43995
43972 43999
43858 44004
39856 44004
41775 44007
43936 44011
42965 44014
43771 44014
43794 44017
43862 44024
43909 44027
43775 44031
43859 44034
44033 44034
43990 44035
43878 44038
43971 44045
21560 44047
43952 44051
40845 44053
43206 44061
43836 44070
43793 44072
44057 44079
43938 44085
44064 44086
43922 44087
43964 44095
43644 44101
43992 44106
40571 44108
43940 44109
44019 44121
44056 44123
44047 44126
44084 44127
43953 44130
43921 44137
43793 44148
44129 44163
44078 44169
44084 44170
43990 44179
44115 44182
43904 44182
43348 44187
41571 44203
44116 44208
41999 44212
44153 44246
44156 44250
44065 44267
44143 44271
43873 44278
44121 44287
44156 44287
44215 44290
43798 44295
44147 44307
44152 44310
44219 44314
44220 44320
44302 44321
44142 44322
44307 44324
44124 44327
44298 44330
44284 44330
44164 44333
44199 44339
44142 44339
10000 -1
