26940 29197
32303 32728
33116 33176
33629 34078
34515 35027
34116 35192
35140 35353
30438 35353
30905 35756
33399 36347
33232 36347
34061 36399
35963 36681
34597 36697
33608 36912
36219 36952
36561 37010
35577 37153
32795 37242
32558 37242
37025 37262
36876 37309
37088 37369
36413 37394
36348 37494
37792 37849
31019 37892
28750 37908
37317 37982
36458 37991
34491 38051
32819 38055
35792 38079
37488 38213
38092 38227
36070 38254
37645 38329
36666 38355
36434 38503
36346 38512
37118 38551
37092 38584
28702 38584
35286 38643
37408 38643
36797 38734
37218 38765
37050 38776
38808 38846
38176 38869
36356 38870
38195 38896
36739 38908
38749 38913
38865 38942
38524 38956
38506 38970
34832 38985
36709 39012
34850 39060
38872 39083
38801 39083
36192 39116
37954 39125
38870 39128
37304 39140
32906 39149
38999 39205
37978 39232
35436 39240
35308 39240
36360 39247
35500 39277
35502 39304
38809 39348
34653 39356
39304 39406
38921 39452
39051 39474
37520 39475
36187 39490
37014 39519
38079 39543
36721 39545
39523 39571
39390 39597
38777 39613
39623 39635
37673 39650
37646 39680
35442 39690
36501 39692
39229 39703
36311 39736
38207 39742
36550 39745
39616 39747
36021 39769
38325 39780
39134 39788
39285 39815
38429 39820
39601 39833
39550 39835
38984 39874
39536 39885
38732 39894
38437 39930
37912 39997
37067 40011
39715 40014
39794 40031
39962 40031
39515 40064
39926 40071
39109 40078
38274 40086
37277 40092
34901 40099
38398 40123
39059 40154
36450 40164
36909 40164
38601 40174
39506 40182
37594 40197
40170 40214
40113 40220
39905 40230
39618 40244
38153 40253
40026 40266
39658 40270
39800 40271
40090 40280
39946 40299
38842 40302
32633 40308
39570 40310
39949 40320
39611 40322
39738 40322
34597 40325
37365 40338
39787 40366
39134 40367
39874 40383
38550 40403
40039 40411
39432 40412
40290 40421
38014 40423
37338 40428
40038 40438
31148 40438
39516 40476
38954 40481
39383 40506
39595 40506
39903 40517
40185 40517
39702 40527
40434 40528
37992 40539
40131 40542
36044 40548
40114 40554
38694 40559
39206 40580
39970 40581
38395 40583
35662 40586
39651 40597
34084 40600
39950 40608
40450 40616
40427 40630
40332 40630
38483 40635
35312 40636
40201 40636
34785 40647
39712 40656
36908 40656
40049 40659
39256 40678
38315 40684
38268 40686
40578 40686
40141 40686
38858 40693
40416 40700
40176 40702
40636 40707
33442 40710
31024 40710
38918 40714
39573 40732
39322 40740
40427 40743
39073 40748
40250 40759
40558 40761
40668 40762
38204 40765
39282 40769
39589 40769
38667 40770
40717 40776
40179 40783
40519 40786
40705 40787
39796 40787
38081 40790
32732 40795
39799 40797
40333 40797
40641 40798
34919 40803
39962 40805
37570 40805
39331 40805
36808 40820
38714 40822
40288 40825
39664 40825
37300 40825
40081 40829
35420 40831
38394 40846
38741 40846
38819 40854
39346 40862
38081 40863
39129 40867
40589 40867
37619 40885
39841 40893
37802 40903
36703 40909
39114 40916
40671 40918
40445 40923
39333 40923
38986 40923
39548 40933
38835 40933
40078 40939
40751 40943
40406 40943
39371 40957
40037 40961
39250 40970
40256 40976
40640 40979
40907 40979
40955 40999
40533 41001
39549 41003
40234 41003
39399 41003
38210 41003
39296 41014
40720 41015
40840 41018
40767 41023
40389 41031
40677 41034
39366 41035
39101 41051
39761 41060
40314 41060
40852 41060
40377 41062
39717 41064
38287 41074
39525 41089
39800 41105
40724 41108
38468 41111
39509 41112
40747 41114
40185 41123
40832 41127
37195 41128
40805 41135
39887 41148
39724 41148
39132 41149
39612 41149
40179 41149
41103 41169
41093 41170
40917 41172
40624 41172
37774 41178
40159 41178
40873 41179
40908 41186
37638 41188
40037 41189
41108 41191
40399 41193
35917 41196
40605 41196
41106 41200
39988 41211
36993 41212
40327 41212
40688 41214
39119 41217
40356 41227
38869 41228
38617 41238
37276 41239
39867 41247
40218 41253
40488 41254
41248 41254
41253 41258
39596 41266
35488 41272
39497 41272
40507 41274
40471 41276
39728 41276
40649 41282
40719 41290
40527 41290
37626 41291
36114 41294
40306 41295
40750 41295
41214 41295
40609 41296
36197 41298
39464 41306
27946 41306
41139 41311
36520 41314
39505 41318
41075 41323
40454 41332
40804 41334
39423 41339
40679 41339
40704 41345
40577 41348
40726 41348
40477 41351
33483 41353
38847 41355
40447 41356
40306 41366
40832 41376
40102 41376
32777 41386
41256 41387
39072 41387
41363 41398
40423 41401
40982 41401
39894 41401
40148 41402
40844 41403
40393 41403
40977 41408
38908 41411
40058 41412
39258 41414
38873 41416
35580 41420
37938 41420
41199 41420
40147 41421
40771 41421
38156 41421
36568 41423
40106 41424
41015 41426
37942 41430
39167 41431
39936 41438
40762 41443
35239 41445
41211 41445
41403 41445
41261 41452
41171 41454
40312 41466
39412 41467
39075 41467
41031 41467
33479 41469
33995 41470
41173 41471
38943 41475
37879 41480
40234 41480
41354 41481
37355 41485
41209 41488
39730 41498
41200 41504
33295 41505
40176 41507
40222 41511
38423 41512
41322 41513
36740 41518
41217 41519
38334 41524
40237 41525
40297 41526
38902 41526
38469 41528
40921 41530
39445 41531
39417 41537
40002 41538
41336 41539
41535 41540
40698 41547
40617 41551
41324 41552
40256 41552
39406 41557
40849 41559
37523 41561
39427 41564
40658 41564
40665 41565
41018 41565
40172 41572
41395 41572
39860 41575
40971 41575
39764 41579
41057 41580
39829 41580
41078 41580
37730 41588
40528 41589
39187 41590
40730 41592
39997 41593
39200 41594
39126 41595
41172 41596
40971 41598
41579 41598
36402 41600
40175 41601
40990 41602
38571 41604
38949 41604
41485 41605
38951 41606
41159 41608
41357 41608
40014 41609
40852 41609
41086 41613
39249 41623
35958 41623
40721 41633
40914 41636
40828 41638
41607 41640
41096 41640
41456 41641
40495 41643
38225 41647
41054 41649
41154 41649
39326 41652
41082 41654
40631 41656
41266 41657
37488 41657
40835 41659
39802 41659
41572 41664
41589 41665
41246 41665
36986 41666
40501 41668
41481 41670
41633 41671
40117 41672
41358 41676
41621 41678
41421 41680
38821 41680
40918 41681
41678 41685
41597 41688
41443 41688
40307 41690
38448 41692
39202 41694
40759 41695
41068 41695
40843 41701
40925 41701
41347 41705
36549 41707
40913 41707
40351 41708
37768 41711
37197 41712
39608 41716
41712 41718
39939 41719
41690 41719
41397 41720
34271 41720
40327 41721
37497 41722
28701 41723
40240 41723
37067 41727
41245 41728
41562 41728
36368 41728
41578 41728
40229 41738
39422 41740
40750 41741
41562 41743
41508 41750
35558 41751
39119 41751
41558 41752
39300 41753
38529 41757
40537 41758
41592 41758
38414 41760
40558 41760
38405 41764
37649 41764
30938 41764
40772 41764
32016 41766
41100 41766
41205 41767
40396 41768
41646 41770
38401 41773
41047 41778
41427 41778
41440 41781
38476 41782
31951 41782
35748 41784
41788 41789
40185 41789
40066 41790
41222 41791
39541 41792
37213 41795
41673 41796
31729 41798
35260 41800
41297 41801
41239 41801
41242 41809
41665 41809
41525 41811
41546 41811
41405 41812
39608 41812
40892 41812
40293 41812
39562 41813
40164 41816
40463 41816
40344 41817
41014 41819
40273 41820
39131 41824
36620 41825
38743 41830
40633 41834
40900 41835
41571 41837
39644 41838
38948 41842
41440 41842
39619 41845
40467 41845
40866 41846
40168 41848
37785 41848
41451 41848
41354 41851
40415 41851
35458 41853
39289 41855
39030 41855
41494 41857
40526 41858
36810 41858
33970 41858
40437 41859
36783 41861
38864 41866
40286 41871
36600 41871
41407 41871
40851 41871
40096 41872
41515 41872
36986 41872
40403 41875
41613 41875
39438 41879
41747 41881
41297 41881
41727 41881
41662 41882
41856 41883
40427 41884
41021 41884
41307 41885
41257 41885
41157 41886
38517 41886
40973 41887
34768 41887
40814 41887
41665 41890
41719 41892
37358 41897
41400 41899
38743 41899
41871 41902
41659 41902
41826 41902
41284 41902
41236 41906
40728 41908
41612 41908
40980 41908
41499 41909
37799 41911
40789 41919
30273 41919
39975 41920
38906 41920
41587 41921
40425 41923
40592 41926
41187 41929
36315 41931
40841 41932
40800 41932
39989 41934
40095 41936
39426 41936
40708 41939
40681 41940
41242 41940
39881 41941
38713 41942
41798 41943
41939 41945
38743 41950
41938 41951
41691 41952
41268 41954
41365 41954
39922 41955
40538 41956
39531 41956
38604 41957
39782 41957
40293 41957
41797 41958
41001 41958
41642 41958
39797 41959
41806 41960
40868 41961
41913 41962
40798 41964
40703 41965
39328 41965
39969 41966
41539 41967
39418 41971
40490 41973
41584 41973
40600 41975
40366 41976
40191 41976
41026 41977
41806 41977
40636 41981
41737 41983
40790 41983
40214 41986
41707 41987
38152 41987
41107 41990
41780 41990
41963 41994
39862 41994
38388 41994
41123 41994
38373 41995
39964 42000
41192 42000
40574 42002
38350 42002
41299 42002
41909 42003
41941 42004
40142 42004
41293 42005
41766 42006
41012 42008
38861 42009
41699 42010
41869 42010
38530 42011
41169 42015
40852 42016
41541 42017
40524 42018
40992 42020
39182 42020
40518 42022
41495 42023
40663 42028
41777 42028
41173 42028
41171 42028
39252 42029
39551 42031
37586 42031
41981 42032
40261 42032
41634 42033
41866 42035
41822 42038
41633 42039
39510 42039
39956 42040
41536 42040
41694 42043
34131 42043
41804 42046
42013 42047
41279 42050
41089 42051
37603 42055
40728 42055
39467 42055
41334 42057
40178 42058
41669 42059
40866 42059
41883 42062
39145 42063
41473 42064
35873 42064
41287 42065
40941 42067
41699 42068
41000 42069
42066 42069
39811 42072
41565 42073
41139 42078
39561 42078
41836 42080
40443 42081
39968 42081
41419 42082
40540 42082
41965 42083
41189 42083
40849 42084
40973 42085
42068 42085
42081 42090
42054 42090
40067 42092
39998 42093
41996 42095
41543 42096
41498 42096
41249 42097
29466 42098
42036 42099
41018 42100
41550 42101
41771 42101
41810 42105
39853 42108
41765 42108
41535 42108
38656 42109
38608 42117
41451 42118
39704 42119
40616 42119
32180 42120
40913 42121
41085 42121
39875 42122
41209 42122
40788 42123
40649 42124
42086 42126
41441 42127
39032 42130
41889 42132
37127 42135
39503 42136
39429 42137
36511 42137
31459 42137
40770 42138
40841 42143
30861 42147
41582 42148
41997 42149
41198 42149
40974 42149
41514 42150
41966 42150
40666 42151
40088 42153
38687 42155
40624 42156
41788 42156
41839 42156
41142 42158
36987 42158
39650 42158
40515 42158
41062 42160
42115 42160
41591 42161
41350 42162
42131 42163
34247 42164
39195 42165
40072 42166
40847 42167
40210 42167
37898 42168
42106 42168
41424 42168
39090 42169
38225 42170
39869 42170
38878 42170
41044 42172
40891 42177
41063 42177
39407 42182
41348 42182
41848 42184
42071 42185
42029 42185
41560 42185
37230 42186
41341 42187
38266 42187
36892 42188
40372 42192
41183 42192
42067 42193
40795 42194
41417 42195
40994 42195
41941 42195
40777 42198
41774 42198
41314 42199
38160 42204
39528 42204
41026 42205
41435 42205
41838 42206
41122 42207
41219 42208
40843 42208
36418 42209
40712 42210
34165 42213
40523 42214
42050 42215
40823 42216
41830 42217
42095 42218
41624 42219
39854 42220
41240 42220
35027 42220
41895 42220
35763 42220
41893 42220
41046 42221
41921 42221
41314 42221
38339 42222
39589 42222
41481 42224
37433 42225
37486 42226
40896 42226
39562 42226
40324 42226
40337 42227
39364 42228
42070 42229
41037 42230
40833 42232
36862 42233
40633 42233
40878 42233
39863 42233
41633 42234
30408 42236
31909 42236
42038 42236
41475 42236
41637 42237
40290 42237
42126 42238
41901 42240
32163 42240
39331 42240
39529 42242
37472 42242
38848 42244
40702 42245
41912 42245
41465 42246
38181 42255
41568 42257
41108 42259
41676 42259
40782 42264
41793 42264
40613 42265
40831 42265
39587 42265
38255 42265
40771 42266
38056 42271
41400 42274
39653 42275
40829 42276
41210 42277
38074 42280
42065 42282
38814 42283
40041 42283
41890 42284
41659 42284
41556 42286
41956 42287
40994 42288
41893 42288
40782 42288
38974 42289
41703 42289
38485 42291
41090 42292
32062 42292
40414 42293
39977 42293
42141 42293
42267 42294
41128 42294
40258 42295
41827 42296
40763 42297
41416 42298
42245 42298
41896 42299
42285 42300
42049 42301
41007 42302
41156 42303
42162 42304
39938 42306
38373 42307
38534 42308
37631 42309
41819 42310
42292 42311
40058 42311
41431 42312
40905 42312
40944 42314
39417 42314
39342 42314
39989 42315
41855 42315
42017 42315
41401 42315
40198 42316
41152 42316
41039 42316
40551 42317
40192 42317
41919 42318
41688 42319
41418 42319
37817 42321
42040 42324
41347 42324
42060 42324
40957 42325
41332 42329
40984 42329
42008 42329
40494 42329
40543 42330
40434 42330
39640 42334
37049 42334
42039 42335
40981 42337
34266 42338
41873 42338
37619 42339
42030 42342
39899 42344
42324 42344
27694 42345
41662 42346
42020 42348
41814 42348
41951 42349
38757 42350
40415 42350
41435 42350
40736 42350
41711 42350
41710 42351
41605 42352
41340 42353
42087 42353
41780 42356
42106 42356
42316 42356
34093 42358
40187 42358
37463 42358
40039 42358
40918 42360
42051 42360
39082 42361
41701 42361
41733 42362
40308 42362
40625 42363
35486 42366
41630 42366
41316 42367
41865 42367
42023 42367
41119 42368
42301 42371
41048 42371
40128 42371
37219 42371
41640 42374
40228 42375
40336 42376
42290 42378
42122 42378
41093 42379
42369 42379
41851 42379
35106 42380
38225 42380
41089 42380
41823 42382
40224 42382
41033 42385
40907 42385
38137 42386
38584 42386
41274 42386
41764 42387
42187 42388
39186 42388
41335 42389
40938 42389
40592 42389
42350 42391
32670 42393
38632 42395
40892 42396
40902 42396
40664 42396
42160 42398
40589 42398
42321 42398
41776 42399
40468 42402
41268 42402
40168 42402
36176 42402
39800 42403
39477 42403
39877 42403
39911 42403
41993 42404
40049 42404
38219 42404
42029 42404
42016 42404
41538 42405
38502 42405
42236 42406
40923 42408
38908 42410
42269 42410
42167 42410
42009 42410
42015 42410
40129 42411
40619 42411
41462 42412
40181 42412
41095 42412
39137 42412
42279 42412
40275 42413
42236 42413
42039 42416
42285 42416
38141 42419
41612 42419
42309 42419
40800 42419
38209 42421
41370 42421
40636 42423
42258 42423
35507 42423
39214 42423
40596 42423
40214 42424
40858 42424
41218 42425
42345 42425
40338 42425
40204 42426
42117 42426
42064 42426
40465 42429
41715 42429
41684 42429
39362 42429
42331 42431
41922 42431
38683 42432
41733 42433
41323 42434
41778 42434
41608 42436
41508 42436
40704 42436
42386 42436
38664 42442
40897 42443
39164 42443
41438 42443
42045 42444
35864 42446
37972 42448
40659 42448
40637 42448
42320 42449
40632 42449
40423 42450
40783 42454
41060 42454
39593 42455
38203 42457
39637 42459
41948 42459
42118 42461
42360 42461
37932 42462
40477 42463
42051 42463
41915 42463
42313 42464
40726 42464
40320 42466
41819 42466
40457 42467
42321 42469
37839 42469
40872 42471
41692 42472
40335 42472
41462 42473
41577 42473
41056 42474
42058 42475
32379 42475
39468 42475
29867 42476
25491 42476
39419 42476
41589 42477
38029 42477
41600 42479
40692 42480
40707 42481
40927 42482
40866 42483
42075 42483
41017 42483
40134 42483
41029 42483
36004 42484
41137 42484
38000 42486
42167 42487
41675 42487
42443 42490
39845 42491
41994 42491
42227 42492
41854 42493
39461 42494
39493 42494
41971 42495
30518 42495
40767 42497
42309 42498
41797 42499
41695 42500
41601 42501
32131 42502
41896 42502
41610 42503
39483 42503
37535 42504
42445 42506
42167 42506
41444 42506
40656 42508
41192 42508
40388 42508
41844 42510
38104 42510
40830 42512
41559 42512
40901 42512
40172 42513
41731 42513
39324 42514
42398 42514
42273 42515
40387 42515
42272 42516
42282 42516
42147 42516
37544 42517
38906 42517
40648 42524
34814 42524
40950 42524
42104 42524
41307 42524
41907 42525
41826 42525
42200 42525
39960 42526
42257 42526
42520 42526
40982 42526
41622 42527
41572 42530
38361 42530
41405 42530
42506 42531
41292 42531
39059 42533
41506 42534
40957 42534
41829 42535
41419 42535
42465 42536
33544 42536
41473 42537
41736 42538
40019 42538
40433 42538
39181 42540
41422 42540
41432 42540
39038 42542
38622 42545
39922 42546
42154 42546
41469 42547
42086 42548
41633 42548
37501 42548
42369 42549
41315 42550
40568 42551
41588 42552
42346 42553
38431 42553
35695 42554
39177 42554
41657 42554
41024 42555
42517 42555
35365 42556
41469 42557
38043 42557
41864 42557
42386 42557
42335 42558
41617 42558
42171 42558
42307 42558
42441 42558
42073 42558
38194 42560
42185 42561
41541 42565
41081 42566
41693 42566
40635 42566
41299 42568
41464 42568
41446 42570
40317 42571
40668 42574
38620 42574
37147 42574
41898 42575
40914 42575
34805 42575
42205 42575
31852 42576
41061 42576
41885 42577
41728 42578
41987 42578
41608 42578
39604 42579
41440 42579
40609 42580
40143 42580
38175 42581
38775 42584
39269 42585
40952 42586
40957 42586
39699 42586
41229 42587
29309 42588
41002 42588
41738 42589
39888 42590
39185 42590
41535 42591
41645 42591
41386 42592
41511 42592
35968 42592
42552 42593
40300 42593
42377 42594
41328 42594
42355 42595
42498 42595
41249 42595
27878 42596
39880 42596
42147 42597
40828 42597
41673 42598
41406 42598
41867 42598
41923 42598
41211 42599
37944 42599
41747 42600
39153 42600
42431 42600
37294 42600
38154 42602
39734 42603
41795 42604
42510 42605
34217 42606
40603 42609
39282 42609
42524 42610
33326 42610
40740 42610
39178 42610
39931 42610
38087 42610
31894 42611
42151 42612
33138 42612
41607 42613
41569 42613
41229 42614
41519 42614
41106 42615
41923 42615
37717 42615
40243 42615
37637 42615
42348 42615
41662 42616
40842 42617
42130 42617
38364 42618
41914 42618
40693 42619
40258 42619
37950 42619
42068 42619
39647 42619
42562 42620
30325 42620
42181 42620
39347 42621
38376 42621
38542 42621
41421 42622
42197 42623
42426 42624
42421 42624
40618 42624
41959 42625
38660 42626
41473 42627
37479 42627
41441 42628
40511 42629
42570 42630
42179 42630
42262 42632
39001 42632
39735 42632
33504 42633
39172 42633
40950 42635
39254 42636
41493 42636
42501 42637
30346 42637
40883 42637
42490 42637
40776 42638
39696 42638
42390 42639
42014 42639
41743 42639
27581 42641
41596 42642
34805 42644
42320 42644
42150 42644
39830 42644
41397 42644
40621 42645
36045 42645
41572 42646
40607 42647
42047 42648
42498 42650
42444 42651
41454 42651
42215 42653
42406 42653
40900 42654
40395 42654
31450 42657
36850 42658
39876 42658
41600 42659
42546 42659
42282 42659
37580 42660
41544 42660
39968 42661
42449 42661
40164 42661
41348 42662
42547 42663
42205 42663
42128 42663
41382 42663
40976 42664
42428 42665
42022 42665
42157 42666
41318 42667
40890 42667
42163 42668
42521 42669
42622 42671
41128 42671
35123 42673
39086 42674
41004 42674
42175 42675
37880 42676
41070 42678
42432 42678
33304 42679
41591 42679
42324 42680
39900 42680
41408 42681
32415 42681
42250 42682
40347 42682
42653 42682
36539 42683
37886 42683
41857 42684
39244 42684
42002 42684
41755 42685
41112 42685
42632 42685
38372 42686
42660 42686
36834 42687
41197 42687
41291 42688
36392 42688
42033 42688
40805 42688
42533 42688
37076 42689
40590 42689
41151 42690
40901 42691
41615 42691
39208 42691
41110 42691
41387 42691
42270 42692
41867 42694
41792 42695
41469 42695
42673 42695
41470 42696
42347 42697
41912 42697
42217 42697
41372 42697
40502 42699
41371 42699
40358 42700
40827 42700
42582 42700
37939 42702
33794 42702
42318 42702
42272 42703
37151 42706
39189 42706
27062 42707
41894 42708
42527 42708
39679 42708
41007 42710
42483 42712
40935 42712
36793 42712
39043 42713
42238 42714
40106 42714
42595 42716
40680 42716
42504 42716
41500 42717
42416 42719
42344 42719
42637 42720
42517 42721
40318 42721
42615 42721
40320 42721
41772 42721
39823 42721
38373 42722
40902 42723
42454 42723
42468 42723
41370 42724
40590 42726
42606 42728
42639 42728
39647 42729
40095 42731
42562 42731
41548 42731
41340 42731
41421 42733
41989 42734
37054 42735
42121 42735
42235 42737
42683 42737
42685 42737
41740 42738
42733 42738
38420 42740
42539 42742
42029 42743
40614 42744
42328 42744
40788 42745
42139 42746
40916 42748
42111 42748
39450 42751
42044 42752
42652 42752
42653 42752
41732 42753
41714 42753
41070 42756
41738 42757
41215 42757
42015 42759
41579 42759
39723 42760
41295 42760
39322 42761
42493 42761
42068 42761
42015 42761
39188 42763
41407 42763
41952 42764
41708 42765
37978 42766
42500 42768
26677 42768
39403 42769
40300 42769
40913 42772
29790 42772
35869 42773
42756 42773
42587 42773
40517 42774
41270 42774
38993 42775
39462 42775
42619 42777
40523 42777
31758 42778
41755 42779
39830 42779
39811 42780
41137 42780
42355 42781
42661 42781
38324 42781
38741 42782
41642 42784
42375 42785
42462 42785
42533 42785
41451 42786
42451 42786
42536 42786
40139 42786
40125 42786
42487 42786
41843 42787
42458 42787
39835 42787
42701 42787
40228 42788
42763 42788
41079 42788
39039 42789
42102 42789
32078 42789
41638 42790
42218 42790
42016 42790
41631 42791
42272 42791
40993 42791
41464 42791
38604 42792
26583 42793
41248 42793
40599 42795
41845 42795
37561 42795
27558 42796
38234 42796
31775 42799
40498 42799
41147 42799
40694 42801
42356 42803
41854 42803
42306 42803
40884 42803
40538 42804
41894 42804
41658 42806
33248 42808
41766 42808
36384 42810
41564 42810
41902 42811
42270 42811
41210 42811
40768 42811
40683 42812
32767 42812
37720 42812
41892 42812
35355 42813
42318 42813
42591 42814
42713 42814
42630 42814
41759 42814
38750 42815
42436 42816
40756 42816
42493 42816
36870 42817
27594 42817
40173 42819
32173 42820
42034 42820
40827 42821
41457 42821
42340 42822
38473 42823
42577 42824
42787 42824
39483 42824
42102 42825
40366 42826
40771 42826
42494 42826
42375 42827
40582 42827
42096 42828
40521 42828
42212 42829
41418 42829
41350 42830
35589 42831
38883 42831
39293 42831
37788 42831
42492 42831
40629 42832
38653 42833
42129 42834
41768 42834
41949 42834
41266 42835
39450 42836
42024 42836
40675 42836
28586 42837
39328 42837
39226 42837
42771 42837
41207 42838
40424 42838
41906 42838
41619 42839
41890 42839
41452 42839
36749 42840
42122 42840
41493 42841
41309 42842
41365 42842
27551 42843
41044 42843
39378 42844
42462 42844
41199 42844
42642 42844
41809 42845
38750 42845
42755 42846
42770 42846
42592 42846
41880 42848
40988 42848
42718 42848
39008 42849
35890 42851
35995 42852
42309 42852
42383 42852
41948 42853
40308 42853
40508 42853
42723 42854
40913 42854
40607 42856
41363 42856
39022 42856
37438 42857
42656 42857
42298 42857
42846 42857
39962 42858
42292 42858
41657 42858
42291 42859
35340 42860
41568 42860
42125 42860
41404 42860
28066 42860
41750 42861
41588 42862
41165 42862
31277 42863
41307 42863
38266 42863
41262 42864
40807 42864
42650 42864
41365 42865
42407 42865
41708 42865
41484 42866
42210 42866
42179 42867
40721 42867
40253 42868
40905 42872
41882 42872
42685 42873
42252 42873
40414 42873
39669 42874
37933 42874
40571 42875
27418 42877
39173 42878
40015 42878
42852 42879
42031 42879
41124 42879
42865 42882
32022 42882
42145 42882
33819 42882
41727 42884
39243 42885
42052 42885
37998 42885
41498 42885
40258 42886
41373 42886
40702 42887
22508 42888
41842 42889
40761 42889
41746 42889
42056 42889
40831 42890
42524 42891
39603 42892
42717 42893
41769 42893
42159 42894
42436 42894
42241 42895
38839 42895
41581 42895
39807 42895
41247 42895
42352 42896
42894 42896
42527 42896
33740 42897
41110 42898
41616 42899
36901 42899
29825 42900
41586 42900
39381 42900
40741 42900
41175 42901
36914 42901
38301 42901
36166 42901
41771 42903
42221 42903
40089 42904
39899 42905
41739 42905
39879 42907
41576 42907
42621 42907
42317 42908
42798 42908
40692 42909
42083 42910
42196 42910
41146 42910
40857 42910
41550 42911
36838 42911
40761 42911
39174 42912
41495 42912
33895 42913
40384 42915
19185 42915
39891 42916
39889 42916
42024 42917
35331 42917
40820 42917
37040 42917
40809 42917
40451 42918
42424 42918
41417 42918
42188 42919
40791 42919
37222 42919
42193 42919
37734 42919
40439 42919
42547 42920
40625 42920
42491 42920
37576 42921
41233 42922
39655 42922
42307 42922
42281 42923
39001 42924
40614 42924
42894 42925
41525 42928
39165 42928
39654 42928
42539 42928
40435 42929
41904 42929
42015 42929
39837 42930
42623 42930
42553 42930
42007 42931
32577 42931
41450 42932
41191 42932
42686 42932
42766 42933
39558 42934
40162 42934
39926 42935
28519 42935
42053 42936
41113 42936
42863 42938
39673 42938
35868 42938
42777 42938
39352 42939
42161 42939
42398 42939
35070 42940
42939 42941
41250 42941
42193 42941
28647 42942
41609 42943
42557 42943
42039 42943
33439 42943
42142 42943
42815 42944
41532 42944
35474 42944
38489 42945
41781 42945
40371 42945
42285 42946
42264 42946
39158 42946
42138 42946
38516 42946
42864 42947
40493 42947
40487 42948
42557 42948
41429 42948
40852 42948
41468 42948
39657 42949
37725 42950
42878 42952
41583 42952
41543 42953
42799 42953
40322 42953
39567 42955
40721 42955
39839 42955
38778 42957
40930 42957
42755 42958
39316 42958
41927 42958
40589 42959
36784 42960
42540 42960
35637 42960
38277 42961
42630 42962
42875 42962
41664 42962
40846 42962
35789 42962
42102 42962
42844 42963
40957 42963
41972 42963
40588 42963
42597 42963
42881 42963
42602 42964
38762 42964
37891 42964
42394 42965
42900 42966
41092 42966
42690 42967
42411 42967
41287 42968
42554 42968
42917 42968
42416 42968
41508 42968
39239 42968
40062 42969
40150 42970
32682 42970
38800 42970
40340 42970
38916 42971
41997 42971
40667 42971
37261 42972
41664 42973
41379 42974
42813 42976
40196 42977
36389 42977
41572 42978
39525 42978
42854 42979
39310 42979
40037 42980
39167 42980
42494 42980
39468 42981
39863 42981
21841 42981
38160 42982
41252 42982
42250 42982
39318 42983
41065 42983
40895 42983
42410 42983
39934 42984
40976 42984
41419 42984
40478 42985
37181 42985
42040 42985
42644 42986
41452 42988
42252 42988
42117 42989
42821 42989
24851 42989
41742 42990
25118 42990
37736 42991
42852 42991
26979 42991
41119 42993
26422 42994
39278 42994
39752 42995
41561 42995
42243 42995
42286 42995
40765 42995
42063 42996
36067 42996
41139 42996
39056 42996
42712 42996
41130 42997
40308 42997
40875 42997
42366 42997
39309 42998
38598 42998
39688 42998
42261 42999
42748 42999
41020 43000
42285 43000
42080 43000
38960 43000
38463 43000
42894 43000
41455 43001
42317 43001
39583 43001
39151 43002
40267 43002
42973 43002
42430 43002
39507 43005
29728 43006
40554 43007
42689 43008
40787 43008
41596 43010
33807 43010
41674 43010
41682 43011
38183 43011
39027 43011
42701 43011
35324 43012
39133 43012
35032 43012
40314 43012
37506 43012
38119 43013
40460 43013
35555 43013
41842 43014
33228 43015
42487 43015
42214 43015
35801 43016
38540 43016
42657 43016
42161 43016
42616 43017
42569 43017
41313 43017
42564 43017
41074 43017
39168 43018
42787 43018
40144 43018
42893 43018
42724 43020
40471 43020
42880 43020
38547 43023
42947 43023
41641 43023
41572 43023
41784 43023
40765 43023
42354 43023
33552 43024
40192 43024
43010 43026
42901 43026
40295 43027
39332 43028
42435 43028
42448 43029
30248 43030
40564 43030
29258 43030
42172 43032
42834 43032
33514 43032
41639 43032
42485 43033
40302 43033
42633 43035
35373 43035
42055 43035
40351 43035
42439 43036
39914 43036
41953 43036
42081 43036
30341 43037
41012 43037
37004 43037
41161 43038
40896 43038
34426 43039
40243 43039
42333 43039
41873 43039
42972 43040
41867 43040
40651 43040
42908 43041
41868 43042
42732 43042
39285 43043
39089 43043
27092 43043
42441 43043
41986 43043
38132 43044
40519 43044
42396 43044
40612 43044
41909 43044
40861 43044
41843 43046
41952 43046
24865 43046
20005 43047
40121 43047
41856 43048
42287 43049
42938 43050
38050 43050
38425 43050
40986 43050
41727 43050
42310 43050
39863 43050
40346 43051
40495 43051
40833 43051
37414 43052
42532 43053
41511 43053
42691 43053
42082 43054
42951 43054
40995 43055
37692 43055
41062 43057
42910 43057
36874 43057
41906 43057
41869 43057
41419 43058
41425 43058
41295 43059
39965 43059
42263 43059
37068 43060
39632 43060
42841 43060
42784 43061
40872 43061
41529 43062
42871 43062
42206 43063
42159 43063
40999 43063
43031 43063
42237 43063
41571 43064
40682 43064
42112 43065
41989 43066
42836 43066
39484 43066
42899 43066
40775 43066
40718 43067
42423 43067
42181 43068
28892 43070
42845 43070
42835 43071
39022 43071
41053 43071
41424 43071
34229 43072
34525 43072
42698 43072
42288 43072
41406 43073
36166 43073
41720 43073
42716 43073
42112 43073
41402 43073
20192 43074
37151 43075
40232 43075
42310 43075
40947 43075
41285 43077
41065 43078
36750 43078
41964 43078
40523 43078
41631 43080
42614 43080
40766 43080
42738 43080
41600 43080
41080 43082
33693 43084
41920 43085
41994 43085
39506 43085
41424 43085
42199 43085
33374 43086
42894 43087
37535 43087
42638 43088
41060 43088
41588 43088
43019 43088
39775 43088
42896 43089
40182 43089
41140 43089
39228 43090
42375 43090
42114 43091
42727 43091
42946 43092
40353 43092
42956 43092
36262 43092
42393 43094
22972 43094
35224 43094
41907 43096
31157 43096
41721 43096
41532 43096
42928 43096
42592 43097
43086 43097
42195 43098
42502 43099
42146 43099
40297 43100
40574 43101
43093 43101
41417 43101
42623 43101
42393 43101
40948 43101
42460 43101
42420 43102
43074 43104
42412 43105
41379 43105
42006 43106
39037 43107
40050 43108
42484 43108
36280 43108
34233 43108
42887 43109
41965 43109
41903 43110
42706 43110
41579 43112
42566 43112
42797 43113
42926 43115
41927 43115
42964 43116
42287 43116
43085 43117
41248 43117
38628 43117
18733 43118
41204 43118
42902 43118
39841 43119
36873 43120
42168 43120
41364 43120
42054 43121
41936 43122
41427 43122
42731 43122
42351 43123
42645 43125
37921 43126
38642 43126
42180 43126
38240 43127
41485 43127
40580 43128
34406 43128
42860 43129
33874 43129
35297 43129
42072 43129
41131 43129
39037 43129
43084 43129
39712 43130
39587 43130
42974 43130
43040 43130
40786 43130
40049 43131
41554 43132
35573 43132
41043 43132
38759 43133
42926 43133
40961 43133
42718 43135
40863 43136
42734 43136
39268 43136
41552 43136
41958 43136
41858 43136
42187 43138
42807 43138
41660 43138
39854 43138
38388 43138
40524 43139
40932 43139
43070 43139
42511 43139
41515 43140
39432 43140
40918 43141
42931 43142
40903 43142
41842 43142
38417 43142
36866 43143
35252 43143
31086 43143
40013 43144
38017 43144
42902 43144
42082 43145
20376 43145
40340 43145
41217 43147
40367 43147
42464 43147
42854 43147
42913 43147
41576 43148
42806 43148
42940 43148
39638 43150
39841 43151
42651 43151
39946 43152
40542 43152
40882 43152
39002 43153
42035 43153
41707 43154
40021 43154
37013 43154
42975 43155
39996 43155
42645 43155
42856 43156
36858 43156
42855 43156
40253 43156
35874 43156
43040 43157
42494 43157
39399 43158
38539 43158
42432 43158
34654 43158
42990 43159
40999 43159
41215 43159
41944 43160
41089 43160
42942 43160
42314 43161
42842 43161
42466 43162
35323 43162
41303 43163
40643 43163
37485 43165
39745 43165
40271 43165
42858 43165
42904 43166
42063 43166
39496 43166
42653 43167
42957 43167
39766 43168
41578 43168
42736 43168
37928 43169
42954 43169
42556 43169
42389 43169
40710 43170
42343 43170
42937 43170
40781 43170
41625 43171
42814 43171
42710 43171
42958 43171
42525 43171
42610 43172
42370 43172
42730 43172
39340 43173
35987 43174
39527 43174
42170 43176
38978 43176
40754 43176
42574 43177
43156 43178
41361 43179
40397 43179
37375 43180
42849 43180
41567 43180
39355 43180
42976 43181
38868 43181
40316 43182
41131 43182
42249 43182
40289 43182
42932 43182
41852 43183
40316 43183
40118 43183
41341 43183
42934 43183
39144 43183
41532 43184
37196 43185
42835 43185
42789 43186
43125 43186
40383 43186
41515 43186
40333 43187
30495 43187
41725 43187
42967 43187
37268 43187
42739 43188
42380 43188
41884 43188
31963 43189
42495 43189
42910 43189
34143 43190
43164 43191
42192 43192
38418 43192
37563 43192
42177 43192
43025 43192
41752 43192
41942 43192
41772 43193
42636 43193
42153 43193
41028 43193
42145 43194
40016 43194
42401 43194
42795 43194
42640 43194
41746 43194
42415 43194
40121 43195
41842 43195
42658 43197
43025 43197
41620 43197
41975 43197
40631 43198
38172 43198
39063 43198
42710 43198
35873 43198
41037 43198
42374 43199
42247 43199
41923 43199
41861 43199
42986 43199
42809 43201
41183 43201
42882 43201
43095 43202
37148 43203
43039 43203
38385 43204
35643 43204
38480 43204
41414 43204
38888 43204
41306 43204
30015 43204
41345 43205
41412 43205
43020 43205
37214 43205
41669 43207
39575 43208
42245 43208
35321 43208
42146 43208
42125 43208
42336 43208
42520 43209
42268 43209
42982 43209
42170 43210
43045 43210
40464 43210
42695 43210
39455 43210
42802 43211
39361 43212
42974 43213
42911 43213
41916 43213
43203 43214
41986 43216
42536 43216
39657 43216
42874 43216
40336 43216
42912 43218
40192 43218
41828 43219
18299 43219
42666 43219
40403 43219
40509 43219
40759 43219
26684 43220
33680 43220
41699 43220
42719 43220
40037 43220
39590 43221
42720 43221
43103 43221
42091 43221
42482 43222
39964 43222
40984 43222
43031 43222
43043 43222
35419 43222
41045 43223
42714 43223
41586 43223
41709 43224
42856 43225
39554 43225
40187 43225
43010 43225
42835 43225
41492 43226
41947 43226
42414 43227
36368 43227
43209 43227
42112 43227
40654 43228
42597 43228
42785 43228
41280 43228
38861 43229
41132 43229
41149 43229
40919 43229
41462 43230
43139 43231
42678 43231
40689 43231
40888 43231
42416 43232
39564 43232
40882 43232
40308 43233
38757 43233
38166 43233
38581 43234
41301 43234
40078 43234
41690 43235
39707 43236
29370 43236
41474 43237
41202 43237
39689 43237
41352 43237
41566 43237
35073 43238
40648 43238
41415 43238
43137 43239
43181 43239
40849 43240
41127 43240
43100 43240
34957 43241
41266 43243
42482 43244
43054 43245
42597 43245
40670 43245
42366 43245
42313 43246
36108 43246
42399 43246
41842 43246
41503 43246
41366 43246
42510 43246
38801 43246
17915 43247
42403 43247
42094 43247
43199 43247
42612 43249
41279 43249
42548 43249
41340 43249
40726 43249
43158 43249
43131 43250
39387 43250
42293 43250
41384 43250
42909 43251
42727 43251
42875 43251
40120 43252
42959 43252
41133 43252
40947 43253
39308 43253
38988 43254
40047 43254
34000 43255
42740 43255
42903 43255
24380 43255
35359 43255
42123 43255
39371 43256
43191 43256
42002 43257
41544 43257
36785 43257
36786 43258
37614 43258
37461 43258
41501 43258
42325 43260
37123 43261
39695 43262
41162 43263
38544 43263
42716 43263
38183 43264
40660 43264
37181 43265
41578 43265
42400 43265
42806 43266
39680 43266
38244 43267
40235 43267
41101 43267
42402 43267
42275 43268
41062 43269
39328 43269
43204 43270
40246 43270
41928 43270
42646 43270
30513 43271
43151 43271
40854 43271
39607 43272
42248 43272
40953 43272
41713 43272
38154 43272
41745 43272
40294 43272
41753 43273
33889 43273
38755 43273
40187 43273
41820 43273
41062 43274
41060 43274
42051 43274
38789 43276
38628 43276
43248 43276
42948 43277
42508 43277
33133 43277
42071 43277
43169 43278
41962 43278
42414 43278
37876 43279
37385 43279
43185 43280
41033 43280
37240 43281
42591 43281
42040 43282
42008 43282
40302 43283
41062 43283
38021 43283
40868 43283
42978 43283
29675 43284
43173 43285
42145 43285
37563 43285
41348 43286
43093 43286
42320 43286
41418 43286
40113 43287
39611 43287
40370 43287
39220 43287
32742 43288
40363 43288
43043 43288
40549 43289
35306 43289
39211 43289
41770 43289
42753 43290
40993 43290
40771 43291
40732 43291
37167 43292
39688 43292
42340 43292
41649 43292
39435 43293
38137 43293
42993 43293
43264 43293
41792 43293
42413 43294
40206 43294
41816 43294
42841 43294
42889 43294
40863 43296
40950 43296
39104 43296
41510 43297
42772 43297
42711 43297
37607 43297
41671 43297
40886 43297
41269 43297
42876 43298
42598 43299
40204 43299
43115 43300
42541 43301
40893 43301
40855 43301
41329 43301
42576 43302
42900 43303
41636 43303
42169 43303
42262 43303
41554 43303
39191 43304
42063 43304
40687 43304
41505 43305
36367 43306
40068 43306
42095 43306
43114 43307
41687 43308
40773 43308
43272 43308
38810 43309
42303 43309
42150 43310
43101 43310
42102 43312
41566 43312
41375 43313
41665 43313
33935 43313
40716 43313
42469 43314
43214 43314
25485 43314
37464 43314
43263 43314
34538 43315
39526 43315
42665 43316
42906 43316
41685 43316
41945 43318
42021 43318
41140 43318
41839 43319
32272 43319
43073 43319
38496 43320
42740 43320
40874 43320
40246 43321
40758 43322
41083 43323
42909 43323
41935 43323
42521 43325
42089 43325
43169 43325
42289 43325
43310 43327
32002 43327
41147 43328
43107 43328
40427 43328
40324 43328
42971 43328
43324 43330
43095 43331
42955 43331
41641 43333
41304 43335
43103 43335
38085 43336
42462 43336
38732 43336
42800 43337
42323 43337
41248 43339
43092 43339
43039 43339
42468 43339
39554 43340
23572 43340
40903 43340
43227 43340
43213 43340
39952 43340
42675 43341
42470 43341
42681 43341
40450 43341
42403 43342
41420 43342
41729 43343
36551 43343
36529 43344
43119 43344
43083 43344
43024 43344
42137 43344
43178 43345
43301 43345
38663 43346
42343 43347
43281 43347
35582 43347
33657 43347
42108 43347
40200 43348
40653 43348
41892 43348
40872 43348
41185 43348
39638 43348
41079 43349
41499 43349
43176 43350
40595 43350
40305 43350
42552 43351
42874 43352
42034 43352
43295 43353
42093 43354
38567 43354
42035 43354
40596 43355
42418 43355
33268 43356
42872 43356
40579 43356
42078 43357
43320 43358
42631 43359
42661 43359
43186 43360
40202 43360
40153 43360
42681 43361
42029 43361
34370 43361
43056 43361
39038 43362
41164 43362
43212 43363
42404 43363
39373 43363
43246 43363
30175 43365
41514 43369
41211 43369
42233 43369
31717 43370
34562 43370
40826 43371
40340 43371
41600 43371
42359 43371
40280 43371
39626 43372
41671 43372
41257 43373
41024 43373
43260 43374
31762 43374
41510 43374
42451 43375
36092 43375
42795 43375
40101 43375
38127 43376
41921 43377
42403 43377
39806 43377
41397 43377
43135 43378
42131 43378
42830 43378
41491 43378
40900 43378
42454 43378
43063 43379
42519 43380
42279 43380
42848 43380
42988 43380
42370 43380
41005 43381
42538 43381
33600 43381
40321 43381
41978 43381
42913 43382
40528 43384
43217 43384
42402 43384
41618 43384
41592 43385
38473 43385
41565 43386
42618 43386
42477 43387
40321 43387
43341 43389
39542 43390
42813 43390
37882 43390
42455 43391
40565 43391
40439 43391
42359 43392
43144 43392
38061 43393
42711 43395
41486 43396
35329 43396
42789 43397
42415 43397
37892 43397
42343 43397
41915 43397
40345 43399
42527 43399
42867 43399
41751 43399
41306 43399
41491 43400
43263 43400
43213 43400
38117 43401
39991 43401
39955 43401
43359 43402
43174 43402
31803 43402
40578 43403
41349 43403
42391 43403
38852 43403
42671 43405
43207 43405
43376 43406
32662 43406
42540 43407
42240 43407
40629 43407
42034 43407
32900 43408
38861 43408
41891 43409
42025 43409
40013 43409
42414 43409
41686 43409
38682 43410
42085 43411
42649 43411
42223 43411
41109 43412
34983 43412
41977 43413
42325 43413
36574 43414
43140 43414
41286 43414
42464 43414
36468 43414
41957 43415
40323 43415
42083 43415
42609 43415
42161 43415
43178 43416
43383 43416
40169 43416
42773 43417
43044 43418
42726 43418
38110 43419
42352 43419
41656 43421
42876 43421
39225 43422
40160 43423
39057 43424
32328 43425
36597 43425
41645 43426
42782 43426
33124 43426
42420 43427
41987 43427
43238 43427
42453 43427
43390 43428
42741 43428
41070 43428
40517 43430
36299 43430
40572 43431
34970 43431
42333 43431
43328 43432
26912 43432
33182 43432
42751 43433
30045 43433
41912 43433
41598 43433
43187 43434
42093 43435
41578 43435
41049 43436
35175 43436
37887 43437
39416 43438
41404 43439
43148 43440
43180 43440
41564 43441
42244 43441
36641 43441
39263 43441
41655 43441
42309 43442
41309 43442
37088 43442
39464 43443
41862 43443
32658 43443
41420 43444
37091 43445
42545 43445
40452 43445
42846 43446
42282 43446
39197 43446
41767 43446
43393 43447
42214 43447
40693 43447
42821 43447
32635 43447
37910 43447
43262 43448
41160 43448
41714 43448
43427 43449
41308 43449
43050 43450
42792 43450
43023 43450
42995 43450
42198 43453
42507 43453
41020 43453
42873 43453
41884 43453
37946 43455
30530 43455
42383 43455
42037 43457
38812 43457
43165 43457
42211 43457
42708 43458
39847 43459
42002 43459
40660 43459
39706 43459
38062 43459
43317 43460
43450 43461
40235 43461
41352 43462
38663 43462
40316 43462
40223 43463
31131 43464
41126 43464
40874 43465
40935 43465
41368 43465
41853 43465
40619 43465
40750 43465
40394 43465
41373 43465
43067 43466
34470 43466
43403 43467
41505 43467
42201 43467
27289 43468
43151 43468
43241 43468
35149 43468
42842 43468
41401 43470
42351 43470
39823 43470
38846 43471
40798 43471
39772 43472
22365 43472
43374 43472
43345 43472
42435 43472
41980 43472
41313 43473
43470 43473
42865 43473
43257 43473
40146 43473
42604 43474
38788 43474
42622 43474
41519 43476
41630 43476
43450 43477
42835 43477
43284 43478
41003 43478
42518 43478
42349 43479
42861 43479
34524 43480
42860 43481
41873 43481
42136 43482
41343 43482
42664 43482
41212 43482
41183 43482
35782 43483
41741 43484
40091 43484
43145 43485
43313 43486
42127 43486
42953 43486
43039 43486
43156 43487
41578 43488
41846 43488
41244 43489
18832 43489
41992 43490
39512 43490
42710 43490
40622 43491
42147 43491
42948 43492
42250 43493
41014 43494
41875 43494
42417 43494
42373 43495
42557 43495
43398 43496
35166 43496
43244 43496
38995 43497
42959 43497
40286 43497
39516 43497
43362 43497
43018 43498
40626 43499
42250 43499
41372 43500
39654 43500
41417 43500
33588 43501
35725 43501
41659 43502
42643 43502
41246 43502
43000 43502
35315 43503
43476 43503
41024 43503
41207 43504
36814 43505
42073 43505
39587 43506
42016 43506
42353 43506
40856 43506
32426 43506
43394 43507
36816 43507
43482 43507
42118 43508
41289 43509
40731 43509
42453 43509
39995 43510
35543 43511
42594 43511
40536 43511
41924 43511
42395 43511
39953 43512
42670 43512
42737 43512
38671 43513
41479 43513
43231 43513
42239 43513
41192 43513
37746 43514
42627 43514
43322 43514
43196 43514
42007 43516
21226 43517
40534 43517
43416 43518
41054 43518
42459 43518
40470 43519
37014 43519
42518 43521
39340 43521
41119 43522
43195 43522
42342 43523
42445 43523
42157 43523
32501 43523
42715 43524
36617 43524
40647 43524
42499 43524
42145 43525
43479 43525
40984 43525
42956 43525
28749 43526
42513 43526
39751 43526
41725 43526
39409 43526
41565 43526
31392 43527
42139 43529
43097 43529
41560 43529
41182 43530
38606 43530
42810 43530
42881 43530
41290 43530
43508 43530
43285 43530
43527 43530
42289 43531
38816 43531
42909 43531
41145 43531
41531 43532
37301 43533
33960 43533
38597 43533
42588 43534
42867 43534
41746 43534
42651 43535
43520 43536
40493 43536
43302 43537
43474 43537
42474 43537
35647 43537
40567 43538
43518 43538
42664 43538
42916 43538
42874 43539
42626 43540
38673 43541
42025 43541
40719 43541
43090 43541
42754 43541
42124 43541
43539 43542
43517 43543
37413 43543
41047 43543
40697 43543
43507 43545
37819 43545
41346 43546
41927 43546
42957 43546
43038 43547
41083 43547
33697 43548
40971 43549
41776 43549
43055 43550
40374 43550
40397 43550
41906 43550
32185 43551
43001 43551
43288 43551
42909 43551
41495 43551
42491 43552
43097 43552
43100 43552
43431 43553
40306 43553
42790 43554
42872 43554
40596 43554
43338 43554
36387 43555
43384 43555
39029 43556
42817 43557
41487 43557
39447 43557
42221 43557
38014 43558
42198 43558
43489 43558
41485 43559
40980 43559
38183 43559
43368 43559
42263 43560
41380 43560
40059 43561
38988 43562
43209 43562
43155 43565
43029 43566
41252 43567
43439 43568
42667 43568
43510 43568
40982 43569
43056 43569
42673 43569
43100 43570
40117 43570
40827 43570
38359 43571
40403 43571
40699 43571
40044 43571
43530 43572
42631 43573
43536 43573
43131 43573
41476 43574
40609 43574
38171 43575
42730 43575
34896 43576
42924 43576
42791 43576
43463 43576
42286 43576
40937 43577
43183 43577
41390 43578
42434 43578
42181 43578
40801 43578
30383 43579
43113 43579
42905 43579
42927 43579
41047 43579
29513 43579
40826 43580
41496 43580
43444 43581
41962 43581
42910 43582
42574 43582
40738 43582
42290 43582
42841 43582
41876 43583
42753 43583
41837 43586
42289 43586
42541 43587
41710 43590
42592 43590
38970 43590
33803 43590
37987 43591
41963 43592
43084 43593
43235 43593
41933 43594
43476 43595
43074 43595
36891 43596
43199 43596
33231 43596
41537 43597
41187 43597
38071 43598
43335 43598
39626 43599
42039 43599
43352 43599
38091 43600
41756 43600
42408 43600
43564 43600
43081 43601
41398 43601
41785 43601
41410 43601
42822 43602
42755 43602
43316 43602
38604 43603
42224 43603
42510 43605
38867 43605
42987 43607
41738 43607
42090 43607
32505 43607
40181 43608
41717 43609
42784 43609
42439 43609
42068 43609
41511 43610
42983 43610
42216 43611
42707 43612
42770 43614
43387 43614
24052 43616
43356 43616
43158 43617
34272 43617
42924 43617
39022 43619
41509 43620
42341 43620
39740 43620
40865 43620
40588 43620
41578 43620
19187 43620
37362 43620
43509 43621
40962 43622
38645 43623
42720 43623
43304 43625
37987 43625
39689 43625
40807 43626
43589 43627
40430 43627
42591 43627
40128 43627
32101 43627
42779 43627
37073 43628
42489 43629
43218 43629
41016 43629
42207 43630
41949 43632
39969 43632
42412 43632
40410 43633
43245 43633
37187 43634
37446 43634
43449 43634
41590 43634
41562 43635
41293 43636
43576 43636
43620 43636
43028 43637
41790 43637
42635 43637
43082 43638
40543 43639
40750 43639
43355 43640
43626 43641
28153 43641
40457 43642
42774 43642
42279 43643
40254 43643
43605 43643
36906 43643
43318 43644
41337 43644
43227 43645
38072 43646
37581 43647
37524 43647
42478 43649
42370 43650
42418 43650
37932 43651
36019 43651
33186 43651
39355 43651
42513 43651
36160 43652
41335 43652
42886 43653
41483 43653
43516 43654
31588 43654
42844 43654
42127 43655
42169 43655
39707 43656
42600 43656
43304 43657
40236 43657
40735 43658
42776 43658
41117 43659
39308 43659
43030 43659
42602 43661
42791 43661
40440 43661
42841 43662
43218 43663
41910 43665
42959 43665
37743 43665
43083 43665
39661 43665
43127 43666
39929 43666
42509 43668
42363 43668
41389 43668
41954 43669
42288 43670
43225 43670
39199 43670
43177 43670
40562 43670
43608 43672
37938 43672
40980 43672
36360 43672
42265 43672
41380 43673
41530 43673
42994 43674
42157 43675
40798 43676
42018 43676
43178 43676
43565 43677
34790 43677
43567 43678
41223 43679
39103 43679
42262 43680
33734 43680
42258 43681
43283 43681
40694 43681
42476 43681
43006 43682
42082 43683
43136 43683
43378 43683
43160 43683
39316 43684
42711 43684
42641 43685
43083 43685
40466 43685
42519 43685
43432 43685
43042 43685
41698 43685
43207 43686
32866 43686
42900 43687
43387 43687
38864 43687
43562 43687
42964 43687
40054 43687
43618 43688
38518 43689
41840 43689
42966 43689
43579 43689
43553 43690
41222 43690
43392 43691
43593 43693
41913 43693
39050 43693
35477 43693
43085 43693
37043 43694
43397 43694
42232 43694
42949 43694
41611 43695
36468 43695
43602 43695
36323 43696
39677 43697
43634 43698
43481 43700
29559 43700
39658 43700
43115 43701
43339 43701
36583 43702
40370 43702
40565 43703
41830 43703
43246 43704
43379 43704
37381 43704
43360 43704
42143 43704
43665 43705
32515 43706
43123 43706
43705 43706
42505 43706
43026 43707
30454 43707
42324 43708
43198 43710
41309 43711
41634 43712
42982 43713
42318 43713
37787 43714
41976 43715
41988 43716
38254 43716
43202 43717
41862 43717
42922 43717
42222 43718
42565 43718
42356 43718
43548 43719
42274 43719
43678 43719
42344 43720
39683 43720
39370 43721
43530 43723
43704 43723
39776 43723
43350 43723
42587 43723
40375 43724
40508 43726
40529 43727
41024 43727
41442 43729
42423 43730
37324 43730
41825 43731
42241 43731
43530 43731
43485 43732
39305 43733
40490 43734
41108 43734
39581 43734
41277 43735
43608 43735
43707 43736
40525 43736
38648 43738
40907 43738
42739 43739
40630 43739
42775 43740
43433 43740
36205 43741
38636 43741
42621 43742
41344 43743
43726 43743
41717 43744
41487 43744
41805 43745
39102 43746
35805 43746
43587 43746
40827 43746
41722 43746
43451 43746
42181 43746
42590 43747
42608 43747
42848 43747
41698 43747
43619 43748
43384 43748
43588 43749
42944 43749
43406 43749
42434 43750
39933 43750
43425 43752
42842 43752
37812 43753
42226 43753
42961 43754
43462 43755
41342 43755
40056 43755
42522 43756
41522 43756
38661 43757
43716 43757
36133 43757
40958 43757
39381 43759
41841 43759
43393 43759
42525 43759
42860 43759
43406 43761
40725 43762
42368 43762
40281 43762
38888 43762
43101 43762
43213 43763
43712 43763
41070 43764
33908 43764
39659 43766
43116 43767
43599 43767
42907 43768
42660 43768
43677 43769
43531 43769
43344 43769
43643 43770
42711 43771
43655 43771
42915 43771
42792 43772
42090 43773
41548 43774
43524 43775
43543 43776
43488 43776
40031 43777
40621 43777
43443 43777
43346 43777
43527 43778
40953 43778
43463 43779
41128 43779
40809 43780
34669 43780
43764 43780
42297 43780
41954 43781
41827 43781
42702 43781
42183 43781
40648 43782
43451 43782
42930 43782
43131 43783
40975 43783
43298 43783
43720 43784
39348 43784
43295 43784
39770 43785
43316 43785
38949 43786
38683 43786
36907 43786
35653 43786
43742 43787
42855 43788
43748 43788
36635 43789
43765 43789
43163 43790
43769 43790
34368 43791
42903 43791
42280 43792
42312 43792
41772 43792
40437 43793
40268 43793
36159 43794
42247 43794
42451 43794
42949 43794
42344 43795
40713 43796
41110 43796
42016 43796
41329 43796
42222 43796
40749 43796
41122 43796
31860 43796
33942 43797
43667 43797
42870 43800
43164 43800
42023 43801
42027 43801
43496 43801
42274 43802
42544 43802
41292 43802
41875 43802
39619 43803
42922 43803
43756 43803
41391 43805
43611 43805
43431 43806
43685 43807
40371 43807
41942 43807
34034 43808
43397 43808
42939 43808
42500 43809
43589 43809
43439 43810
42991 43811
40111 43811
43026 43811
37753 43812
42340 43812
41701 43812
39227 43813
43675 43813
43801 43814
43508 43814
40838 43814
42526 43814
43080 43815
42883 43815
43271 43815
41897 43815
40408 43816
43811 43816
43091 43816
41932 43816
42920 43816
43809 43816
43559 43817
42588 43817
40920 43818
42894 43818
43673 43818
41276 43819
39460 43819
39602 43819
43547 43819
43775 43821
42955 43821
43774 43822
42364 43822
43693 43823
42507 43823
42713 43823
39507 43823
41148 43823
42589 43823
41601 43824
42683 43825
43483 43828
42988 43830
43756 43830
43181 43831
43799 43831
42870 43833
41954 43833
43504 43833
38216 43833
42318 43834
40177 43834
43577 43834
39183 43834
40138 43834
42044 43835
41766 43835
42450 43836
42531 43837
43718 43837
43783 43838
41775 43839
43389 43840
43761 43840
43764 43840
41139 43841
41221 43842
42303 43842
43215 43842
43694 43843
42808 43844
42569 43844
43452 43844
38175 43846
39316 43846
43169 43846
41461 43846
40577 43847
43485 43847
43237 43848
43574 43850
43825 43850
43483 43851
39914 43851
41866 43852
42988 43852
41580 43852
43705 43853
43566 43853
37186 43853
41795 43854
43792 43855
43848 43855
42842 43855
40465 43856
41822 43856
43356 43856
43714 43857
37657 43858
43816 43858
41491 43858
37732 43858
42820 43858
43393 43859
39921 43859
35576 43859
43263 43859
43405 43860
36295 43860
43114 43860
39618 43860
42032 43860
43767 43861
43589 43861
42100 43861
25713 43862
43642 43862
43572 43862
40192 43863
42815 43863
43767 43863
41931 43864
37332 43864
42541 43864
40720 43864
43807 43864
36908 43865
39727 43865
41377 43865
43462 43865
43161 43866
43539 43867
43078 43867
43721 43867
41105 43867
43846 43868
41227 43868
42232 43869
43090 43869
43666 43870
43252 43871
43196 43871
39045 43871
43751 43871
43800 43872
40280 43872
43870 43872
43839 43873
42888 43873
43813 43873
42698 43873
41124 43874
42233 43874
42757 43874
40194 43876
41998 43876
43704 43877
43640 43877
43769 43878
42625 43878
40388 43878
43831 43879
43577 43879
38276 43879
39439 43880
43030 43881
43722 43881
42809 43881
41705 43881
43400 43882
41276 43882
39884 43883
42333 43883
43743 43883
43481 43885
42215 43886
37619 43887
43241 43887
43539 43887
43768 43888
42333 43888
43510 43888
43753 43888
42193 43889
42177 43889
43266 43889
43111 43889
43541 43892
43758 43892
40646 43892
43721 43892
38728 43893
42166 43893
43876 43893
42949 43893
42945 43893
42189 43894
41932 43894
39812 43894
43557 43895
39815 43895
42520 43896
43379 43897
43716 43897
42995 43897
40321 43897
43642 43898
41532 43898
40915 43899
40886 43900
38922 43900
43644 43900
40923 43900
43880 43902
41583 43902
43749 43902
40903 43902
34696 43903
32016 43903
43841 43903
43483 43904
43869 43904
43747 43904
42935 43904
33305 43905
42954 43906
43798 43906
43029 43907
43827 43907
41582 43907
36436 43908
43893 43908
39282 43909
43391 43909
43866 43909
40702 43910
39690 43911
43740 43911
42377 43911
43632 43911
37292 43912
42784 43912
42698 43912
43811 43912
43769 43912
42383 43913
41738 43913
43844 43914
43021 43914
42318 43915
43648 43915
43802 43915
43601 43916
17091 43916
43864 43917
40132 43918
40769 43918
38145 43918
43888 43918
43722 43918
43302 43918
43496 43918
41670 43918
43605 43920
43362 43920
41394 43920
24446 43921
39845 43922
42923 43923
42226 43923
42912 43924
43174 43924
41300 43925
43760 43926
43901 43926
41511 43927
41608 43927
38923 43927
43717 43927
35503 43928
42361 43930
42553 43930
43327 43930
43680 43932
43078 43932
40171 43932
43182 43932
39537 43933
41422 43933
35469 43934
43615 43934
42342 43934
43899 43934
43761 43934
43933 43934
41390 43935
43511 43935
41180 43936
43901 43937
39923 43937
41769 43937
42089 43938
43729 43938
43921 43938
43905 43938
42125 43939
37344 43939
40279 43940
29055 43940
41892 43940
43844 43941
43338 43941
43936 43942
43900 43943
40220 43943
43904 43943
43827 43943
43886 43944
37497 43944
40267 43945
41625 43945
43934 43945
39711 43946
43900 43947
41839 43947
43748 43947
39732 43947
42995 43948
43582 43948
37822 43948
39954 43949
42519 43949
43829 43950
43895 43951
41896 43952
43888 43954
43814 43955
29854 43955
40909 43956
43954 43956
43792 43956
35995 43956
43854 43957
40931 43958
43826 43960
43324 43961
43163 43961
43620 43961
43858 43961
43886 43961
42690 43961
43825 43962
43560 43963
43894 43963
43866 43963
41386 43963
43117 43964
43417 43964
43899 43965
34545 43965
43875 43966
43930 43967
37900 43967
43798 43967
43111 43967
43850 43968
43677 43968
38963 43968
39804 43969
43874 43969
43643 43969
42799 43969
41341 43969
39347 43969
43956 43969
42572 43969
43270 43969
37520 43970
39387 43970
43501 43970
43488 43970
43560 43971
42908 43971
42305 43972
43897 43972
43584 43972
40711 43972
38865 43973
43732 43974
43638 43975
43485 43975
43357 43976
43899 43976
43899 43977
43849 43977
38505 43978
43893 43978
43878 43978
40982 43978
43833 43978
43956 43978
43816 43979
37288 43979
43008 43980
43969 43980
43744 43981
42576 43981
43957 43982
42659 43982
43668 43982
43854 43982
43269 43983
41055 43984
41787 43984
43885 43984
43514 43984
41815 43985
43781 43985
43908 43986
43929 43986
33496 43987
41046 43987
43861 43987
42729 43987
43673 43988
43795 43988
43568 43988
43475 43988
40787 43988
43792 43989
41409 43989
39584 43989
39643 43989
42186 43990
43798 43990
43048 43991
39769 43991
43941 43991
37306 43991
43498 43992
43949 43992
43120 43992
43773 43993
43739 43993
42824 43993
43600 43993
37210 43994
43394 43994
43896 43994
43897 43994
43219 43995
42055 43995
43695 43995
43583 43996
43802 43996
43535 43997
38739 43998
42368 43998
43804 43998
42734 43999
39354 43999
42066 43999
32303 43999
43972 43999
43252 44000
43937 44000
43956 44001
43907 44001
42254 44001
43617 44002
43431 44002
43202 44002
40374 44003
43848 44003
41000 44003
41143 44004
42899 44004
42221 44004
43834 44004
40113 44005
39397 44006
43739 44007
43785 44007
43871 44007
40645 44007
43801 44007
43924 44008
43737 44009
43770 44009
41966 44009
43900 44010
43437 44010
43715 44010
35192 44011
43259 44011
42307 44011
43137 44011
42049 44012
43746 44012
40932 44014
42501 44014
42127 44015
40778 44015
42072 44016
43773 44016
42599 44016
43928 44016
42857 44017
36890 44017
43988 44017
43560 44017
42515 44018
43999 44018
42047 44018
43996 44018
41583 44019
42176 44019
43293 44019
40911 44019
37421 44019
40590 44020
34290 44020
39858 44020
43978 44020
42605 44020
34080 44020
43865 44021
43791 44021
41489 44021
43820 44021
41800 44022
43883 44023
41479 44023
44012 44023
43940 44023
43984 44023
38021 44023
38392 44024
43777 44024
33978 44025
44008 44025
43936 44025
42127 44026
42320 44026
40251 44026
40370 44027
43697 44027
43076 44028
43911 44028
43356 44028
43994 44028
42961 44028
43825 44029
42974 44032
43228 44032
41927 44033
43977 44033
43955 44033
43955 44034
43585 44034
43969 44034
43550 44034
43797 44034
41004 44034
43859 44034
42677 44035
43928 44035
41644 44036
44001 44036
43875 44037
41519 44037
44014 44038
43943 44038
43678 44038
43878 44038
43922 44039
42524 44040
43551 44041
44010 44041
43925 44041
43124 44041
41267 44041
43551 44042
43922 44042
43935 44043
36897 44043
43640 44043
38442 44044
43971 44045
43764 44045
38798 44045
43393 44045
43333 44046
43989 44046
43821 44047
43814 44047
43939 44047
43981 44047
42842 44047
41047 44047
43966 44048
43972 44049
43957 44049
43929 44049
43729 44049
41580 44050
40739 44050
43952 44051
43476 44052
43804 44052
40053 44053
37875 44054
42380 44054
43970 44055
44007 44055
44033 44056
43921 44056
43645 44056
43521 44056
43695 44057
43684 44057
43912 44057
43978 44057
43921 44058
43040 44058
44055 44058
38929 44058
43894 44059
36961 44059
43591 44061
43577 44061
43861 44061
30609 44062
43740 44063
41842 44063
43807 44063
43759 44063
43934 44064
43666 44065
44038 44065
43612 44066
44008 44067
44053 44067
43365 44067
43610 44068
43757 44068
43682 44068
44025 44068
43895 44068
43707 44068
43704 44068
42359 44069
43988 44069
43311 44069
42808 44069
43567 44070
43786 44070
43496 44071
43924 44071
42799 44071
43988 44072
43986 44072
44070 44072
43794 44072
44005 44073
44018 44074
38249 44074
41490 44074
43854 44074
43132 44074
43739 44074
40605 44074
40527 44075
42581 44075
42927 44076
34744 44077
42259 44077
39019 44077
42221 44077
43732 44077
42464 44078
43984 44078
44006 44079
44030 44079
36932 44080
38543 44080
42874 44080
43802 44080
43644 44080
43861 44080
43519 44080
44045 44080
40765 44080
43867 44081
43851 44081
43516 44081
44033 44081
42699 44082
41850 44083
44061 44083
42860 44084
43365 44084
43901 44084
40762 44084
43570 44084
43933 44085
43125 44085
43804 44085
43598 44085
40899 44085
40780 44086
43952 44087
43619 44087
41210 44087
44071 44087
44059 44087
42807 44088
43977 44088
43996 44089
43870 44089
44055 44090
43840 44090
44033 44091
43699 44091
43896 44091
43844 44092
43689 44092
41157 44092
43987 44092
40180 44093
44056 44093
43532 44093
39212 44093
44088 44094
43859 44094
44081 44094
44092 44094
44007 44095
43926 44095
40476 44095
43905 44095
44044 44096
41863 44096
43871 44096
43922 44096
44048 44097
44061 44097
43418 44097
44042 44097
43801 44098
43987 44098
44026 44099
43492 44099
44045 44100
43781 44100
39922 44100
44039 44100
44058 44100
44022 44100
42242 44101
43186 44101
43850 44102
42200 44102
42156 44102
44031 44103
44022 44103
43793 44103
43414 44104
43966 44104
43996 44104
43938 44104
41439 44104
44064 44104
33665 44105
42193 44105
43740 44106
43001 44106
43886 44106
43951 44106
43912 44108
41582 44108
41734 44108
43767 44108
43353 44109
41686 44109
43337 44109
42401 44110
44067 44110
40695 44110
43823 44110
43702 44110
44045 44110
41863 44110
43992 44110
43870 44111
44067 44111
39565 44111
43823 44111
44081 44112
42825 44112
42680 44112
43979 44112
43974 44112
44069 44113
41454 44113
41038 44113
44012 44113
44069 44113
44055 44114
43694 44114
40751 44114
42032 44114
43772 44115
43985 44115
40613 44115
44011 44115
42325 44116
44027 44116
44058 44117
42405 44117
44092 44117
43908 44118
43865 44118
44084 44119
43947 44119
44021 44119
44111 44120
43693 44120
43844 44120
44102 44120
39434 44120
44009 44120
44110 44120
41725 44121
43994 44121
44069 44122
43985 44122
44020 44122
43873 44123
42117 44123
44036 44123
44047 44124
43764 44125
43940 44125
43975 44125
42704 44125
43648 44125
42356 44126
43776 44126
43916 44126
43885 44126
41802 44127
44095 44127
43997 44127
43892 44128
44084 44128
43836 44128
43772 44128
44001 44129
44063 44129
44002 44130
44043 44131
43575 44131
43849 44131
43700 44131
44019 44132
43992 44132
41035 44132
43925 44133
43875 44133
40662 44133
44072 44133
43730 44133
43823 44134
43790 44134
42241 44134
44119 44134
43893 44134
43009 44134
39935 44134
43534 44134
43653 44134
44053 44135
43104 44137
44075 44137
42102 44137
44001 44137
43853 44138
43930 44138
43658 44139
43346 44139
43941 44139
43804 44139
43816 44139
43688 44139
42699 44139
44077 44140
44091 44140
43878 44140
41620 44140
43739 44140
43856 44140
44001 44141
44074 44141
43951 44141
44092 44141
38350 44141
44095 44141
44084 44142
44008 44142
44072 44142
40786 44142
44105 44142
44111 44142
43500 44143
44117 44143
44132 44145
41434 44145
43980 44145
42162 44145
44123 44146
43285 44147
43361 44147
43679 44148
43991 44148
42039 44148
44123 44148
43990 44149
43175 44149
44140 44149
44111 44149
44111 44149
39263 44149
43958 44150
36866 44150
43817 44151
44065 44151
43660 44151
43896 44151
43930 44151
43645 44151
43984 44151
44064 44151
44132 44151
43955 44152
39839 44152
44056 44152
43922 44152
41956 44153
43935 44153
44046 44153
42339 44153
43865 44153
42583 44154
44009 44154
43997 44154
43982 44154
43070 44156
44001 44156
44061 44156
44137 44156
43858 44156
43204 44156
36521 44157
41853 44157
44128 44157
44129 44157
41300 44157
40367 44157
43540 44158
44086 44158
44130 44158
43907 44158
43916 44158
42690 44159
43306 44159
43764 44159
42365 44159
43781 44159
43900 44160
44041 44160
44093 44161
43743 44161
44127 44161
44140 44161
41615 44162
40033 44162
43854 44163
43971 44163
43775 44163
42363 44163
40182 44164
43720 44164
44124 44164
43434 44164
43874 44164
43594 44165
41616 44165
44047 44165
43716 44166
43751 44166
44151 44166
43976 44166
44095 44166
43972 44167
37601 44167
44030 44167
44118 44167
43467 44167
44130 44167
43398 44168
44094 44168
40462 44168
44078 44169
44024 44169
41538 44169
43782 44169
44166 44169
42359 44170
44113 44170
43115 44170
43499 44170
44019 44170
43999 44171
44148 44171
44109 44171
42695 44172
44059 44172
43815 44172
43905 44172
44162 44173
43867 44173
43828 44173
43863 44173
44156 44174
44117 44174
44083 44174
43926 44175
43858 44175
43917 44175
43956 44175
44006 44176
43584 44176
37894 44177
44063 44177
43854 44177
44078 44178
42420 44178
43691 44178
44153 44178
44020 44179
43953 44179
43906 44180
43809 44180
43773 44181
44158 44181
44115 44181
44137 44181
43876 44181
44070 44182
36642 44182
44058 44182
43750 44183
44120 44183
44036 44183
43905 44184
43792 44184
40269 44184
43794 44184
43777 44185
43871 44185
44106 44185
37278 44185
44051 44185
40845 44185
40726 44186
40234 44186
44008 44186
36762 44186
43897 44186
44075 44186
43209 44186
42987 44187
43348 44187
42817 44187
43969 44187
43865 44188
44112 44188
44114 44188
44178 44188
37088 44188
44080 44188
44044 44189
43995 44189
44056 44190
38600 44190
44144 44191
44081 44191
42544 44191
42370 44191
44110 44191
43380 44191
43830 44192
41777 44192
44089 44192
43598 44192
39902 44193
43765 44193
43815 44193
44161 44194
43917 44194
44177 44194
43830 44194
44059 44194
44121 44194
43964 44194
43467 44195
44009 44195
44166 44196
44087 44196
41102 44196
44119 44196
44064 44196
44047 44197
44160 44197
44029 44197
44133 44198
41893 44199
44179 44199
43936 44199
44049 44199
38353 44200
43213 44200
42480 44200
43937 44200
43926 44201
42088 44201
43995 44202
42117 44202
44124 44202
42732 44202
44001 44202
44000 44203
43476 44203
43009 44203
43920 44203
43899 44203
44109 44203
43626 44203
44021 44203
43774 44203
43347 44203
44059 44204
44094 44204
43718 44204
43873 44204
41824 44204
43945 44204
44203 44204
44015 44205
42006 44205
44166 44205
43292 44205
44069 44205
44171 44206
44060 44206
43862 44206
43968 44206
40280 44207
44087 44207
44141 44207
41270 44208
44098 44208
44169 44208
36364 44208
38400 44208
41858 44209
44142 44209
43964 44209
44006 44209
43903 44209
43731 44209
44129 44210
44159 44210
44165 44210
43154 44210
44084 44210
44179 44210
43930 44210
44144 44211
41718 44212
44195 44212
44176 44212
44113 44212
40985 44212
44030 44212
44064 44212
42800 44212
44100 44213
42926 44213
43483 44213
44048 44214
37816 44214
44036 44215
42260 44215
44087 44215
42990 44216
32336 44216
43935 44216
43891 44216
43902 44216
44052 44216
44048 44217
44182 44217
44212 44217
44115 44217
44166 44217
44156 44217
44132 44218
44072 44218
41440 44218
41159 44218
44000 44219
43831 44219
41775 44219
44177 44219
43763 44219
38108 44219
43970 44220
29398 44220
43957 44220
43836 44220
44204 44220
36045 44220
44142 44221
44210 44221
44014 44221
44200 44221
41626 44221
44114 44221
39985 44221
43558 44222
44189 44222
43750 44222
35053 44223
44132 44223
43882 44223
43999 44224
40689 44224
41243 44224
44061 44224
44077 44224
43926 44224
44136 44224
44077 44225
44035 44225
44162 44225
43992 44225
43180 44225
44170 44226
44105 44226
44191 44226
43865 44226
43830 44227
44136 44227
44100 44227
43727 44227
43810 44227
44169 44228
43485 44228
44115 44228
43998 44228
43499 44229
42263 44229
44043 44229
41690 44230
44043 44230
44202 44230
44196 44230
44032 44230
44036 44230
43890 44230
43570 44231
43984 44231
44156 44231
43836 44232
43789 44232
44097 44232
44114 44233
43836 44233
44018 44233
43953 44234
43073 44234
44217 44234
43990 44234
43836 44234
40854 44234
38367 44234
40759 44234
44061 44235
43828 44235
44163 44235
29028 44236
41873 44236
44194 44236
44113 44236
44223 44237
43851 44237
44227 44237
43973 44237
43793 44237
43758 44238
44165 44238
44086 44238
44182 44238
43073 44239
43917 44239
44205 44239
42278 44239
44121 44240
44210 44240
44234 44240
43748 44241
43901 44241
44211 44241
43715 44241
44180 44242
40448 44242
44205 44242
44233 44242
43840 44242
44208 44243
43922 44243
44241 44243
44220 44244
44181 44244
43166 44244
44217 44244
44055 44244
39309 44244
44121 44244
41008 44245
39634 44245
44052 44245
43968 44245
43574 44245
44235 44245
41653 44246
44230 44246
44157 44246
42803 44247
44195 44247
44176 44247
43827 44247
44206 44248
44195 44248
43786 44248
43905 44248
44212 44249
44050 44249
44246 44249
44211 44249
44223 44249
44188 44250
43787 44250
43928 44250
43928 44250
41448 44250
39556 44250
44202 44250
44065 44251
43908 44251
44187 44251
44060 44251
37845 44251
44178 44252
43917 44252
44125 44252
43717 44252
43442 44252
44143 44252
42237 44253
43960 44253
39040 44253
43786 44253
44070 44254
44137 44254
44109 44254
44235 44254
43881 44254
44169 44254
44240 44255
43502 44255
43811 44255
44107 44256
43896 44256
43465 44256
44176 44257
44027 44258
44235 44258
43886 44258
39872 44258
44221 44258
43893 44258
44048 44258
44012 44258
44156 44258
36224 44258
43973 44258
38572 44259
44190 44259
44183 44259
44220 44259
44220 44259
44258 44259
43938 44260
44170 44260
43975 44260
43845 44260
44050 44261
44252 44261
44079 44261
43854 44261
43782 44262
43353 44262
43824 44262
44252 44262
42478 44263
42248 44263
41999 44263
42854 44263
43714 44263
43644 44263
44103 44264
44178 44264
43741 44264
43856 44264
43393 44264
43913 44264
44037 44265
44240 44265
44260 44265
42902 44266
43971 44266
44160 44266
43822 44266
39592 44267
43380 44267
44134 44267
43502 44267
43322 44267
44188 44267
44259 44268
44232 44268
37154 44268
43863 44268
44180 44269
43786 44269
44174 44269
44231 44270
44030 44270
43667 44270
44259 44270
43910 44271
43776 44271
43649 44271
44116 44271
43917 44271
43249 44271
42377 44271
44209 44272
42837 44272
44126 44272
43471 44273
44134 44273
43988 44273
44123 44273
44001 44273
43188 44274
44021 44274
44064 44275
44076 44275
43994 44275
44002 44275
44145 44276
43055 44276
41641 44277
44121 44277
43892 44277
41098 44277
44226 44277
43291 44277
44174 44278
44203 44278
44155 44278
44202 44278
41306 44278
44163 44278
44184 44278
41170 44278
44080 44278
44028 44278
44245 44279
44204 44279
44084 44279
43452 44279
44150 44279
44209 44280
43862 44280
43875 44281
44249 44281
43980 44282
44239 44282
43843 44283
43626 44283
44194 44283
43747 44283
44232 44284
44080 44284
43990 44284
44162 44284
44060 44284
42895 44284
44246 44285
44212 44285
44201 44285
38347 44285
43885 44285
44248 44286
44053 44286
43904 44286
44199 44287
43392 44287
43475 44287
43799 44287
41529 44287
44112 44287
43862 44287
43318 44287
43660 44287
43845 44288
44064 44288
44003 44288
44239 44288
44254 44288
44148 44289
44203 44289
44234 44289
44051 44289
44059 44290
44047 44292
44205 44292
40833 44292
44132 44292
44050 44292
37754 44292
44169 44293
44107 44293
44083 44293
44186 44293
40820 44293
44082 44294
44136 44294
44285 44294
43752 44294
44092 44294
44084 44294
41104 44294
44003 44294
44045 44294
44093 44295
42948 44295
44143 44295
44285 44295
43955 44296
44177 44296
44239 44296
44204 44296
43310 44297
44293 44297
44175 44297
44202 44297
43685 44297
44191 44297
44078 44298
44271 44298
44209 44298
44208 44299
44220 44299
44271 44299
44298 44299
44056 44299
44214 44299
43921 44300
43988 44300
44151 44300
44018 44300
35047 44301
44206 44301
44224 44301
44173 44302
44263 44302
44282 44302
41571 44302
44277 44303
44145 44303
43747 44303
43159 44304
43801 44304
44173 44304
44069 44304
44080 44305
44142 44305
43895 44305
44273 44305
44117 44305
44286 44305
43603 44306
43820 44306
44288 44306
44287 44306
44087 44306
44089 44306
44234 44306
44306 44307
41191 44307
44273 44308
44267 44309
39405 44309
44248 44310
44163 44310
44273 44310
43870 44310
44216 44311
43941 44311
43779 44311
40394 44311
42781 44312
44297 44312
44102 44313
44091 44313
44241 44313
44198 44313
43555 44314
44142 44314
44129 44314
44115 44314
43814 44314
43997 44314
44218 44314
40028 44315
44032 44317
44097 44317
44014 44317
43354 44317
44189 44317
41072 44317
40790 44317
44152 44318
44179 44318
44179 44318
43933 44319
44293 44319
43743 44319
44118 44319
43979 44319
44289 44320
43962 44320
44196 44320
44259 44320
43685 44320
42921 44320
44156 44321
44131 44321
43681 44321
44143 44321
44142 44322
44115 44322
44119 44322
44189 44322
44227 44322
43834 44322
44145 44322
38564 44322
37303 44323
44177 44323
43627 44323
44070 44324
44092 44324
44173 44325
44017 44325
44233 44325
44141 44326
44310 44326
44107 44326
44290 44326
43996 44326
43755 44327
43180 44327
39834 44327
43909 44327
44162 44327
44057 44327
44309 44328
43556 44328
40573 44329
44051 44329
43030 44329
44087 44329
44299 44329
44219 44329
44161 44330
44325 44330
42623 44330
44009 44330
44290 44330
44275 44331
43952 44331
44312 44331
44219 44331
44268 44331
44095 44331
44307 44331
44099 44331
44194 44332
44259 44332
43637 44332
44226 44332
44045 44332
44102 44332
43821 44332
40639 44332
44224 44333
44137 44333
43642 44333
43511 44333
43144 44333
44164 44333
44029 44334
40483 44334
44246 44334
44133 44334
43932 44334
44246 44334
44305 44335
44143 44335
44261 44335
44244 44335
43627 44335
44185 44335
43990 44335
43928 44336
44246 44336
43972 44336
43711 44336
44282 44337
44306 44337
44074 44337
36283 44337
44127 44337
43995 44337
44196 44338
16225 44338
43792 44338
44281 44338
44260 44339
44145 44339
43997 44339
44220 44339
44307 44339
44121 44339
44231 44339
39856 44339
43681 44339
44213 44339
43773 44339
44248 44339
44219 44339
41728 44339
42965 44339
44163 44339
44048 44339
44219 44339
44205 44339
38222 44339
44199 44339
43809 44339
43992 44339
43940 44339
43467 44339
44234 44339
44156 44339
44091 44339
43691 44339
44272 44339
44313 44339
43921 44339
43793 44339
44329 44339
44183 44339
43206 44339
42947 44339
44084 44339
44163 44339
44260 44339
43953 44339
44142 44339
41793 44339
43858 44339
44310 44339
44265 44339
42813 44339
44324 44339
44261 44339
44298 44339
43944 44339
44015 44339
43894 44339
43942 44339
44226 44339
21560 44339
43996 44339
40571 44339
44192 44339
43746 44339
42732 44339
44259 44339
44313 44339
43319 44339
44014 44339
44258 44339
44226 44339
43604 44339
44120 44339
44297 44339
44054 44339
44264 44339
44135 44339
44043 44339
43983 44339
44100 44339
44257 44339
43970 44339
43935 44339
43870 44339
43980 44339
44255 44339
43849 44339
44219 44339
44034 44339
44248 44339
44053 44339
44152 44339
44072 44339
44267 44339
44302 44339
44277 44339
44230 44339
44264 44339
37195 44339
43892 44339
44335 44339
43684 44339
44306 44339
44081 44339
44183 44339
44332 44339
44300 44339
44005 44339
44267 44339
44199 44339
44190 44339
44296 44339
43730 44339
44137 44339
44323 44339
44313 44339
44032 44339
44088 44339
44220 44339
43714 44339
44074 44339
44271 44339
44097 44339
44087 44339
44307 44339
44089 44339
44045 44339
44156 44339
44120 44339
43983 44339
44018 44339
43829 44339
44153 44339
43798 44339
44301 44339
44194 44339
44278 44339
44147 44339
44219 44339
44211 44339
44004 44339
43542 44339
43958 44339
44221 44339
44142 44339
44227 44339
44153 44339
44045 44339
43524 44339
44299 44339
43954 44339
44215 44339
44324 44339
44142 44339
44065 44339
44123 44339
43990 44339
44138 44339
44182 44339
44019 44339
44247 44339
43731 44339
44173 44339
42365 44339
44076 44339
42559 44339
44318 44339
44315 44339
44066 44339
44187 44339
44288 44339
43984 44339
44011 44339
44290 44339
44307 44339
44057 44339
43878 44339
43933 44339
44299 44339
44281 44339
44196 44339
44174 44339
44238 44339
44006 44339
44281 44339
44308 44339
43539 44339
44145 44339
44081 44339
44125 44339
44193 44339
44243 44339
44169 44339
44145 44339
43989 44339
43960 44339
44056 44339
44328 44339
44328 44339
44167 44339
42128 44339
44012 44339
43840 44339
44075 44339
44261 44339
44272 44339
44237 44339
44277 44339
44158 44339
44272 44339
44213 44339
44302 44339
44157 44339
43939 44339
43820 44339
44182 44339
44087 44339
44238 44339
44170 44339
43679 44339
44186 44339
44312 44339
44293 44339
44314 44339
44013 44339
44235 44339
44172 44339
44307 44339
44087 44339
44168 44339
43411 44339
43927 44339
44145 44339
44281 44339
43937 44339
44293 44339
44312 44339
44224 44339
44009 44339
44201 44339
43969 44339
44258 44339
44252 44339
44258 44339
44123 44339
44147 44339
44111 44339
44243 44339
43971 44339
44086 44339
44268 44339
44211 44339
44333 44339
44124 44339
44287 44339
43841 44339
42368 44339
44284 44339
44129 44339
44245 44339
43771 44339
44017 44339
44127 44339
44168 44339
44314 44339
44332 44339
44269 44339
43965 44339
44088 44339
44298 44339
43113 44339
43743 44339
44304 44339
44286 44339
44223 44339
44126 44339
44295 44339
44212 44339
43890 44339
44275 44339
44122 44339
43886 44339
44254 44339
44117 44339
44253 44339
41438 44339
44202 44339
44333 44339
44003 44339
44220 44339
44121 44339
44267 44339
44267 44339
44221 44339
44035 44339
43011 44339
44226 44339
44297 44339
44254 44339
44265 44339
44102 44339
44056 44339
44113 44339
44202 44339
43829 44339
43961 44339
44307 44339
44187 44339
43600 44339
44125 44339
44278 44339
43097 44339
44291 44339
44037 44339
44214 44339
44046 44339
44261 44339
44190 44339
43970 44339
44067 44339
44165 44339
44332 44339
44082 44339
44216 44339
44227 44339
44122 44339
43835 44339
44335 44339
44257 44339
44295 44339
44215 44339
43813 44339
44216 44339
44272 44339
43976 44339
44154 44339
44299 44339
43945 44339
44324 44339
43477 44339
44200 44339
44131 44339
44121 44339
44005 44339
43968 44339
44264 44339
44181 44344
43994 44346
43332 44347
43675 44347
42581 44348
44321 44349
43985 44349
39181 44349
43489 44350
44255 44351
42139 44351
35941 44352
43569 44352
44324 44353
44310 44353
44234 44353
44159 44353
43519 44354
43896 44357
42556 44357
44216 44357
44328 44357
43846 44357
43764 44359
43119 44363
44205 44364
40320 44365
44042 44365
43417 44366
43711 44367
43144 44368
44226 44369
43683 44369
41042 44371
44236 44371
40531 44379
43768 44381
43478 44381
42456 44382
43150 44384
43579 44387
44365 44388
44019 44389
44032 44389
43407 44390
43389 44391
43896 44392
43233 44394
40948 44394
44076 44394
43873 44394
44116 44395
44197 44396
44124 44399
44111 44399
44381 44400
42430 44400
44380 44402
44357 44403
44140 44403
44065 44403
42754 44404
44295 44404
43443 44405
44397 44406
43946 44409
44164 44412
40470 44412
43594 44412
44326 44413
44359 44414
43801 44415
43416 44415
42435 44417
39188 44422
41989 44424
43699 44425
44366 44426
43945 44426
44371 44430
43606 44431
43586 44431
44354 44436
42655 44437
44414 44438
44214 44438
36684 44439
44428 44440
44416 44446
44029 44447
43941 44447
41937 44450
44328 44450
44146 44451
44356 44453
42431 44455
41914 44455
44052 44457
44350 44457
44159 44458
42413 44458
44262 44459
44287 44459
43517 44462
42885 44463
41145 44465
44424 44467
43282 44469
44162 44470
44051 44472
42173 44480
43934 44480
44439 44480
43566 44480
43922 44486
44132 44488
44491 44494
37984 44495
44421 44496
44430 44496
42855 44497
43957 44497
44134 44500
44461 44500
44457 44500
44338 44503
35065 44504
43952 44507
44345 44511
44062 44512
44128 44512
44214 44515
44329 44517
39559 44518
40665 44519
43385 44520
43452 44521
41668 44523
43585 44526
44193 44527
44276 44527
44171 44531
42789 44534
42520 44535
43352 44535
44187 44539
43640 44549
43553 44549
42263 44550
44080 44553
44262 44554
44109 44554
44375 44554
43779 44556
42843 44557
42270 44557
43801 44557
43136 44557
43400 44564
44542 44574
44151 44575
40906 44577
44381 44585
41138 44585
41209 44598
43726 44600
41813 44601
44498 44601
41066 44602
44477 44603
44588 44610
41959 44610
39919 44614
43436 44619
41711 44622
42537 44622
35903 44623
43869 44623
44253 44623
43863 44623
42720 44632
44194 44641
39635 44642
44529 44643
43878 44647
44542 44647
44518 44648
43869 44650
44417 44650
44503 44657
43934 44663
44369 44663
44108 44674
44656 44680
43982 44681
37540 44695
39927 44702
44417 44704
44631 44705
39921 44714
44319 44716
44019 44723
34195 44737
44098 44754
44562 44758
39697 44764
39974 44767
44615 44780
44574 44780
44286 44782
43589 44791
44328 44799
42783 44803
44192 44805
42626 44811
44315 44814
44333 44817
44105 44828
42673 44837
44323 44842
44798 44844
44383 44845
44452 44846
43256 44858
43983 44866
42634 44879
43392 44888
44865 44904
41525 44909
41879 44915
43581 44916
41909 44947
42781 44984
43666 44998
44705 44999
44370 45010
40650 45047
40653 45047
44028 45067
41487 45068
27084 45107
44067 45137
43074 45170
38154 45195
39268 45200
40061 45243
44556 45243
40202 45276
41177 45283
44325 45289
42905 45295
44910 45313
42974 45380
42721 45403
40926 45409
44820 45429
39874 45717
40829 45792
45808 45857
44921 45931
42316 45933
39658 45978
43165 46903
40964 47220
34518 47430
10000 -1
