
 10000 1 0 
 18525 2 0 
 18914 3 0 
 19276 4 0 
 20794 5 0 
 21061 6 0 
 21816 7 0 
 22623 8 0 
 22737 9 0 
 23355 10 0 
 24135 11 0 
 24768 10 0 
 24791 11 0 
 24924 12 0 
 25106 13 0 
 25277 14 0 
 25300 15 0 
 25309 14 0 
 25554 15 0 
 25755 16 0 
 25775 17 0 
 25787 18 0 
 25899 19 0 
 25912 20 0 
 25927 19 0 
 26086 20 0 
 26236 21 0 
 26485 22 0 
 26526 23 0 
 26576 24 0 
 26621 25 0 
 26807 26 0 
 26823 27 0 
 26829 28 0 
 26842 29 0 
 26855 30 0 
 26885 31 0 
 26973 32 0 
 27090 33 0 
 27124 32 0 
 27170 31 0 
 27217 32 0 
 27220 33 0 
 27276 34 0 
 27340 35 0 
 27375 36 0 
 27380 36 1 
 27441 37 1 
 27467 38 1 
 27501 39 1 
 27525 40 1 
 27532 41 1 
 27576 40 1 
 27606 41 1 
 27657 40 1 
 27674 41 1 
 27678 40 1 
 27737 41 1 
 27800 42 1 
 27809 43 1 
 28001 43 2 
 28074 44 2 
 28099 45 2 
 28139 46 2 
 28298 47 2 
 28326 48 2 
 28327 49 2 
 28362 49 2 
 28471 50 2 
 28491 49 2 
 28549 50 2 
 28599 49 2 
 28610 47 2 
 28623 48 2 
 28646 48 3 
 28656 47 4 
 28686 48 4 
 28692 47 4 
 28715 45 4 
 28719 46 4 
 28737 45 4 
 28769 44 4 
 28846 43 4 
 28865 43 5 
 28870 42 5 
 28873 41 6 
 28885 42 6 
 29011 42 7 
 29072 42 8 
 29077 41 8 
 29085 40 8 
 29099 40 9 
 29101 40 10 
 29114 40 11 
 29152 41 11 
 29179 41 12 
 29183 41 13 
 29187 40 14 
 29189 40 15 
 29207 40 16 
 29210 39 16 
 29271 39 17 
 29277 40 17 
 29297 42 17 
 29298 41 18 
 29324 40 19 
 29340 39 19 
 29343 38 19 
 29345 38 20 
 29348 39 21 
 29365 38 21 
 29411 38 23 
 29435 38 24 
 29451 38 25 
 29453 38 26 
 29469 39 26 
 29470 40 26 
 29479 39 26 
 29486 38 26 
 29491 37 26 
 29496 36 27 
 29505 37 27 
 29518 36 27 
 29552 35 28 
 29561 35 30 
 29564 34 31 
 29576 33 31 
 29592 34 32 
 29610 33 34 
 29611 33 35 
 29614 31 35 
 29620 29 35 
 29630 29 37 
 29640 28 37 
 29668 28 38 
 29701 27 38 
 29704 26 38 
 29708 25 38 
 29711 25 39 
 29716 26 39 
 29721 27 39 
 29739 28 39 
 29748 27 39 
 29752 27 40 
 29761 27 41 
 29763 27 42 
 29768 27 43 
 29778 27 45 
 29791 27 46 
 29793 27 47 
 29795 26 48 
 29798 26 49 
 29799 25 49 
 29808 26 49 
 29814 26 51 
 29816 25 52 
 29819 25 53 
 29823 26 53 
 29824 27 53 
 29838 27 54 
 29839 28 54 
 29840 28 55 
 29841 28 57 
 29844 28 58 
 29848 29 58 
 29858 29 59 
 29859 29 60 
 29862 28 60 
 29884 28 61 
 29890 28 62 
 29896 28 63 
 29898 27 63 
 29900 28 63 
 29911 26 65 
 29914 26 67 
 29929 27 67 
 29936 27 68 
 29947 28 68 
 29948 28 69 
 29951 28 70 
 29958 19 184 
 29975 20 184 
 29976 20 189 
 29978 20 191 
 29989 19 191 
 29994 19 192 
 29995 19 195 
 29996 18 195 
 29997 18 197 
 30006 17 197 
 30011 17 199 
 30012 16 199 
 30014 15 199 
 30016 15 200 
 30018 15 202 
 30025 15 205 
 30027 15 206 
 30037 15 208 
 30043 15 211 
 30048 15 213 
 30051 15 216 
 30067 15 218 
 30077 15 222 
 30079 13 222 
 30082 13 223 
 30086 12 223 
 30087 12 225 
 30089 12 226 
 30091 12 227 
 30097 12 229 
 30103 12 230 
 30108 12 231 
 30109 13 231 
 30110 12 233 
 30113 12 236 
 30117 12 237 
 30124 11 237 
 30131 11 239 
 30132 11 241 
 30142 11 243 
 30148 11 245 
 30149 11 247 
 30154 10 247 
 30156 10 248 
 30165 10 251 
 30170 11 251 
 30185 11 253 
 30189 11 254 
 30192 11 257 
 30194 11 262 
 30198 11 263 
 30200 11 264 
 30209 11 266 
 30215 11 269 
 30223 11 271 
 30224 9 271 
 30232 9 273 
 30234 9 274 
 30235 8 274 
 30237 8 277 
 30244 8 278 
 30247 8 280 
 30250 8 283 
 30259 8 285 
 30262 7 285 
 30263 7 286 
 30274 7 287 
 30275 7 289 
 30278 7 290 
 30281 7 291 
 30284 7 293 
 30288 7 295 
 30290 7 297 
 30291 7 300 
 30292 6 301 
 30303 6 302 
 30306 6 303 
 30314 6 305 
 30316 6 307 
 30336 6 309 
 30342 6 310 
 30343 6 315 
 30358 6 320 
 30359 6 322 
 30369 5 323 
 30372 5 325 
 30376 5 327 
 30383 5 329 
 30391 5 330 
 30398 4 331 
 30415 4 332 
 30419 4 334 
 30422 4 336 
 30430 4 342 
 30439 4 345 
 30453 4 348 
 30464 5 348 
 30469 5 351 
 30481 5 353 
 30501 5 354 
 30514 6 354 
 30516 6 356 
 30537 6 359 
 30538 7 359 
 30542 7 361 
 30566 7 362 
 30575 7 365 
 30585 7 367 
 30597 7 368 
 30599 6 369 
 30600 6 370 
 30603 6 372 
 30632 6 374 
 30651 6 376 
 30653 6 378 
 30655 6 381 
 30696 6 382 
 30698 6 384 
 30703 5 385 
 30706 5 387 
 30717 5 390 
 30735 5 392 
 30736 5 395 
 30743 5 396 
 30746 5 398 
 30757 5 400 
 30764 5 402 
 30768 5 403 
 30777 5 404 
 30785 5 405 
 30799 5 406 
 30800 5 408 
 30804 5 411 
 30814 4 413 
 30823 4 415 
 30880 4 418 
 30881 4 420 
 30886 4 422 
 30943 4 425 
 30978 4 427 
 31007 3 427 
 31014 3 431 
 31034 3 432 
 31038 3 434 
 31039 2 434 
 31048 2 437 
 31053 2 438 
 31056 2 439 
 31066 2 441 
 31101 2 443 
 31105 3 443 
 31108 3 445 
 31112 3 447 
 31144 2 448 
 31163 2 450 
 31192 2 452 
 31198 2 454 
 31212 2 455 
 31217 2 456 
 31236 1 457 
 31249 1 459 
 31253 1 462 
 31272 1 464 
 31274 1 466 
 31300 1 469 
 31333 1 472 
 31363 1 473 
 31366 1 476 
 31434 1 478 
 31496 1 480 
 31497 1 483 
 31587 1 485 
 31611 1 486 
 31615 1 488 
 31626 1 491 
 31638 1 494 
 31644 1 495 
 31691 1 497 
 31742 1 499 
 31780 1 501 
 31803 1 502 
 31807 1 505 
 31841 1 507 
 31855 1 509 
 31878 1 512 
 31894 1 514 
 31941 1 515 
 31943 1 518 
 31965 1 520 
 32026 1 523 
 32123 1 525 
 32139 1 528 
 32159 1 529 
 32194 1 531 
 32206 1 534 
 32325 1 536 
 32426 1 539 
 32485 1 542 
 32490 1 544 
 32508 1 546 
 32597 1 547 
 32619 1 549 
 32643 1 551 
 32688 1 552 
 32739 1 555 
 32779 1 556 
 32830 1 558 
 32838 1 561 
 32880 1 563 
 32911 1 565 
 33053 1 567 
 33205 1 568 
 33300 1 571 
 33315 1 573 
 33328 1 575 
 33355 1 578 
 33356 1 581 
 33480 1 584 
 33620 1 587 
 33774 1 590 
 33843 1 591 
 33947 1 593 
 33972 1 596 
 33973 1 599 
 33991 1 602 
 34101 1 605 
 34177 1 608 
 34187 1 611 
 34304 1 613 
 34577 1 615 
 34580 1 618 
 34609 1 621 
 34617 1 624 
 34717 1 626 
 34751 1 628 
 34792 1 630 
 34824 1 631 
 34988 1 634 
 35583 1 635 
 35927 1 638 
 36176 1 641 
 36395 1 644 
 36559 1 647 
 36679 1 650 
 36760 1 653 
 36775 1 656 
 36826 1 659 
 36923 1 662 
 37577 1 665 
 37645 1 667 
 37771 1 670 
 38122 1 673 
 38484 1 676 
 39112 1 679 
 39384 1 682 
 40412 1 685 
 43658 1 688 
 45109 1 691 
 45192 1 694 
 46114 1 697 
 56105 1 700 