
 1000000 1 0 
 1852580 2 0 
 1891496 3 0 
 1927618 4 0 
 2079405 5 0 
 2106167 6 0 
 2181681 7 0 
 2262395 8 0 
 2273710 9 0 
 2335517 10 0 
 2413584 11 0 
 2476872 10 0 
 2479120 11 0 
 2492496 12 0 
 2510653 13 0 
 2527763 14 0 
 2530028 15 0 
 2530973 14 0 
 2555434 15 0 
 2575539 16 0 
 2577509 17 0 
 2578709 18 0 
 2589951 19 0 
 2591252 20 0 
 2592759 19 0 
 2608692 20 0 
 2623652 21 0 
 2648552 22 0 
 2652692 23 0 
 2657608 24 0 
 2662162 25 0 
 2680754 26 0 
 2682377 27 0 
 2682981 28 0 
 2684279 29 0 
 2685517 30 0 
 2688538 31 0 
 2697398 32 0 
 2709025 33 0 
 2712478 32 0 
 2717016 31 0 
 2721787 32 0 
 2722028 33 0 
 2727654 34 0 
 2734053 35 0 
 2737533 36 0 
 2738041 36 1 
 2744196 37 1 
 2746782 38 1 
 2750175 39 1 
 2752570 40 1 
 2753256 41 1 
 2757670 40 1 
 2760617 41 1 
 2765732 40 1 
 2767452 41 1 
 2767839 40 1 
 2773747 41 1 
 2780046 42 1 
 2780966 43 1 
 2800106 43 2 
 2807486 44 2 
 2809956 45 2 
 2813917 46 2 
 2829848 47 2 
 2832632 48 2 
 2832762 49 2 
 2836206 50 2 
 2836214 49 2 
 2847191 50 2 
 2849129 49 2 
 2854979 50 2 
 2859985 49 2 
 2861019 47 2 
 2862346 48 2 
 2864627 48 3 
 2865606 48 4 
 2865681 47 4 
 2868644 48 4 
 2869261 47 4 
 2871522 45 4 
 2871961 46 4 
 2873769 45 4 
 2876914 44 4 
 2884629 43 4 
 2886586 43 5 
 2887017 42 5 
 2887387 41 6 
 2888571 42 6 
 2901139 42 7 
 2907249 42 8 
 2907709 41 8 
 2908578 40 8 
 2909996 40 9 
 2910140 40 10 
 2911436 40 11 
 2915279 41 11 
 2917969 41 12 
 2918378 41 13 
 2918781 40 14 
 2918987 40 15 
 2920743 40 16 
 2921065 39 16 
 2927184 39 17 
 2927730 40 17 
 2929776 41 17 
 2929783 42 17 
 2929809 41 18 
 2932431 40 19 
 2934041 39 19 
 2934329 38 19 
 2934595 38 20 
 2934836 38 21 
 2934837 39 21 
 2936516 38 21 
 2941105 38 23 
 2943510 38 24 
 2945111 37 25 
 2945188 38 25 
 2945361 38 26 
 2946981 39 26 
 2947041 40 26 
 2947909 39 26 
 2948669 38 26 
 2949172 37 26 
 2949689 36 27 
 2950565 37 27 
 2951861 36 27 
 2955203 35 28 
 2956134 35 30 
 2956466 34 31 
 2957617 33 31 
 2959204 34 31 
 2959287 34 32 
 2961016 33 33 
 2961098 33 34 
 2961175 33 35 
 2961464 31 35 
 2962095 29 35 
 2963040 29 37 
 2964013 28 37 
 2966841 28 38 
 2970101 27 38 
 2970443 26 38 
 2970883 25 38 
 2971142 25 39 
 2971685 26 39 
 2972133 27 39 
 2973957 28 39 
 2974834 27 39 
 2975218 27 40 
 2976102 27 41 
 2976355 27 42 
 2976856 27 43 
 2977801 27 45 
 2979128 27 46 
 2979381 27 47 
 2979528 26 48 
 2979824 26 49 
 2979966 25 49 
 2980828 26 49 
 2981472 26 51 
 2981651 25 52 
 2981911 25 53 
 2982370 26 53 
 2982469 27 53 
 2983807 27 54 
 2983972 28 54 
 2984066 28 55 
 2984169 28 57 
 2984471 28 58 
 2984810 29 58 
 2985859 29 59 
 2985906 30 59 
 2985987 29 60 
 2986296 28 60 
 2988496 28 61 
 2989025 28 62 
 2989631 28 63 
 2989883 27 63 
 2990048 28 63 
 2991111 27 64 
 2991177 26 65 
 2991440 26 67 
 2992991 27 67 
 2993638 27 68 
 2994724 28 68 
 2994837 28 69 
 2995190 28 70 
 2995875 19 184 
 2997599 20 184 
 2997670 20 187 
 2997675 20 189 
 2997839 20 191 
 2998921 19 191 
 2999471 19 192 
 2999521 19 195 
 2999637 18 195 
 2999788 18 197 
 3000695 17 197 
 3001136 17 199 
 3001245 16 199 
 3001498 15 199 
 3001646 15 200 
 3001830 15 202 
 3002527 15 204 
 3002587 15 205 
 3002709 15 206 
 3003714 15 208 
 3004301 15 210 
 3004315 15 211 
 3004827 15 213 
 3005107 15 216 
 3006712 15 218 
 3007736 15 221 
 3007758 15 222 
 3007994 13 222 
 3008273 13 223 
 3008690 12 223 
 3008776 12 225 
 3008995 12 226 
 3009110 12 227 
 3009742 12 229 
 3010351 12 230 
 3010828 12 231 
 3010988 13 231 
 3011082 12 233 
 3011352 12 236 
 3011716 12 237 
 3012406 11 237 
 3013133 11 239 
 3013285 11 241 
 3014252 11 243 
 3014869 11 245 
 3014911 11 247 
 3015469 10 247 
 3015639 10 248 
 3016582 10 251 
 3017030 11 251 
 3018571 11 253 
 3018970 11 254 
 3019203 11 257 
 3019469 11 259 
 3019499 11 262 
 3019804 11 263 
 3020083 11 264 
 3020995 11 266 
 3021515 11 269 
 3022371 11 271 
 3022471 9 271 
 3023263 9 273 
 3023456 9 274 
 3023547 8 274 
 3023756 8 277 
 3024450 8 278 
 3024709 8 280 
 3025018 8 282 
 3025035 8 283 
 3025980 8 285 
 3026260 7 285 
 3026312 7 286 
 3027447 7 287 
 3027586 7 289 
 3027865 7 290 
 3028159 7 291 
 3028449 7 293 
 3028815 7 295 
 3029041 7 297 
 3029168 7 300 
 3029251 6 301 
 3030375 6 302 
 3030685 6 303 
 3031476 6 305 
 3031657 6 307 
 3033687 6 309 
 3034259 6 310 
 3034375 6 313 
 3034381 6 315 
 3035801 6 317 
 3035887 6 320 
 3035921 6 322 
 3036979 5 323 
 3037285 5 325 
 3037697 5 327 
 3038340 5 329 
 3039158 5 330 
 3039857 4 331 
 3041553 4 332 
 3041948 4 334 
 3042239 4 336 
 3043038 4 339 
 3043064 4 342 
 3043910 4 345 
 3045301 4 348 
 3046462 5 348 
 3046931 5 351 
 3048155 5 353 
 3050141 5 354 
 3051478 6 354 
 3051651 6 356 
 3053729 6 359 
 3053834 7 359 
 3054298 7 361 
 3056610 7 362 
 3057591 7 365 
 3058550 7 367 
 3059738 7 368 
 3059952 6 369 
 3060073 6 370 
 3060370 6 372 
 3063292 6 374 
 3065182 6 376 
 3065339 6 378 
 3065530 6 381 
 3069610 6 382 
 3069893 6 384 
 3070301 5 385 
 3070605 5 387 
 3071769 5 390 
 3073558 5 392 
 3073678 5 395 
 3074330 5 396 
 3074678 5 398 
 3075788 5 400 
 3076463 5 402 
 3076885 5 403 
 3077723 5 404 
 3078539 5 405 
 3079915 5 406 
 3080006 5 408 
 3080413 5 411 
 3081437 5 412 
 3081451 4 413 
 3082356 4 415 
 3088064 4 418 
 3088170 4 420 
 3088658 4 422 
 3094305 4 425 
 3097890 4 427 
 3100763 3 427 
 3101437 3 429 
 3101458 3 431 
 3103452 3 432 
 3103810 3 434 
 3103993 2 434 
 3104888 2 437 
 3105316 2 438 
 3105666 2 439 
 3106618 2 441 
 3110160 2 443 
 3110545 3 443 
 3110886 3 445 
 3111295 3 447 
 3114481 2 448 
 3116305 2 450 
 3119299 2 452 
 3119888 2 454 
 3121222 2 455 
 3121746 2 456 
 3123613 1 457 
 3124945 1 459 
 3125390 1 462 
 3127292 1 464 
 3127414 1 466 
 3130014 1 469 
 3133344 1 472 
 3136308 1 473 
 3136655 1 476 
 3143470 1 478 
 3149638 1 480 
 3149761 1 483 
 3158769 1 485 
 3161182 1 486 
 3161566 1 488 
 3162607 1 491 
 3163872 1 494 
 3164445 1 495 
 3169105 1 497 
 3174272 1 499 
 3178005 1 501 
 3180315 1 502 
 3180753 1 505 
 3184125 1 507 
 3185541 1 509 
 3187860 1 512 
 3189493 1 514 
 3194137 1 515 
 3194378 1 518 
 3196511 1 520 
 3202651 1 523 
 3212330 1 525 
 3213985 1 528 
 3215996 1 529 
 3219422 1 531 
 3220645 1 534 
 3232517 1 536 
 3242667 1 539 
 3248555 1 542 
 3249010 1 544 
 3250837 1 546 
 3259797 1 547 
 3261948 1 549 
 3264396 1 551 
 3268852 1 552 
 3273996 1 555 
 3277935 1 556 
 3283056 1 558 
 3283885 1 561 
 3288011 1 563 
 3291127 1 565 
 3305342 1 567 
 3320599 1 568 
 3330083 1 571 
 3331531 1 573 
 3332805 1 575 
 3335594 1 578 
 3335662 1 581 
 3348077 1 584 
 3362014 1 587 
 3377464 1 590 
 3384371 1 591 
 3394755 1 593 
 3397282 1 596 
 3397305 1 599 
 3399150 1 602 
 3410156 1 605 
 3417718 1 608 
 3418742 1 611 
 3430478 1 613 
 3457716 1 615 
 3458083 1 618 
 3460931 1 621 
 3461776 1 624 
 3471784 1 626 
 3475160 1 628 
 3479247 1 630 
 3482477 1 631 
 3498893 1 634 
 3558354 1 635 
 3592768 1 638 
 3617653 1 641 
 3639527 1 644 
 3655972 1 647 
 3667900 1 650 
 3676012 1 653 
 3677599 1 656 
 3682617 1 659 
 3692392 1 662 
 3757711 1 665 
 3764559 1 667 
 3777189 1 670 
 3812222 1 673 
 3848447 1 676 
 3911233 1 679 
 3938441 1 682 
 4041293 1 685 
 4365871 1 688 
 4510980 1 691 
 4519259 1 694 
 4611483 1 697 
 5610522 1 700 