
 10000 1 0 
 18525 2 0 
 18914 3 0 
 19276 4 0 
 20794 5 0 
 21061 6 0 
 21816 7 0 
 22623 8 0 
 22737 9 0 
 23355 10 0 
 23832 9 0 
 24135 10 0 
 24561 9 0 
 24768 8 2 
 24791 9 2 
 24924 10 2 
 25106 11 2 
 25277 12 2 
 25309 12 3 
 25554 13 3 
 25755 14 3 
 25787 15 3 
 25889 14 3 
 25899 15 3 
 25927 15 5 
 26485 16 5 
 26526 17 5 
 26576 18 5 
 26621 19 5 
 26807 20 5 
 26823 21 5 
 26829 22 5 
 26842 23 5 
 26855 24 5 
 26907 23 5 
 26956 23 6 
 26973 24 6 
 27090 25 6 
 27124 25 9 
 27129 24 10 
 27137 24 11 
 27170 24 12 
 27220 25 12 
 27340 24 12 
 27375 25 12 
 27380 25 14 
 27388 25 15 
 27408 24 16 
 27456 24 17 
 27467 25 17 
 27503 25 18 
 27525 26 18 
 27532 27 18 
 27576 27 20 
 27606 28 20 
 27657 28 21 
 27670 28 23 
 27674 29 23 
 27678 28 24 
 27737 29 24 
 27800 30 24 
 27809 31 24 
 27874 31 25 
 27993 31 26 
 28001 31 28 
 28041 31 29 
 28074 32 30 
 28102 31 30 
 28297 31 31 
 28298 32 31 
 28326 33 31 
 28327 34 31 
 28347 33 31 
 28362 33 32 
 28428 32 33 
 28487 31 33 
 28491 31 34 
 28514 31 35 
 28536 31 36 
 28549 32 36 
 28599 32 37 
 28610 32 40 
 28623 31 40 
 28646 31 42 
 28656 31 45 
 28682 30 45 
 28692 29 46 
 28706 28 47 
 28715 28 49 
 28719 27 49 
 28737 27 51 
 28769 27 52 
 28800 27 53 
 28831 27 56 
 28846 26 59 
 28865 26 61 
 28870 25 62 
 28873 25 65 
 28885 26 65 
 28896 26 66 
 28937 25 67 
 28981 25 68 
 28991 25 69 
 28994 24 70 
 29011 24 72 
 29070 23 72 
 29072 23 75 
 29075 22 75 
 29077 21 75 
 29085 21 76 
 29090 21 78 
 29099 21 81 
 29101 21 85 
 29112 20 85 
 29114 20 88 
 29115 20 89 
 29120 20 90 
 29152 21 90 
 29178 21 92 
 29179 20 94 
 29183 20 97 
 29187 20 101 
 29189 20 104 
 29192 20 105 
 29200 19 105 
 29207 18 108 
 29210 18 110 
 29255 18 111 
 29271 18 113 
 29275 17 113 
 29277 16 113 
 29282 15 113 
 29297 16 115 
 29298 16 119 
 29324 16 123 
 29327 16 124 
 29340 16 126 
 29343 16 129 
 29345 16 133 
 29348 16 136 
 29350 16 137 
 29365 16 140 
 29390 16 142 
 29393 15 144 
 29411 15 150 
 29431 15 151 
 29435 15 153 
 29451 15 158 
 29453 15 160 
 29463 15 161 
 29469 16 161 
 29470 17 161 
 29479 17 164 
 29486 16 164 
 29491 15 165 
 29495 15 167 
 29496 15 172 
 29513 14 173 
 29515 13 174 
 29518 13 176 
 29530 13 178 
 29552 13 181 
 29561 13 186 
 29564 13 189 
 29570 13 190 
 29576 13 191 
 29592 13 194 
 29610 13 201 
 29611 13 204 
 29614 13 207 
 29620 13 210 
 29624 12 210 
 29630 12 215 
 29640 12 216 
 29643 12 218 
 29648 11 219 
 29668 11 223 
 29701 11 224 
 29704 11 226 
 29705 11 227 
 29708 11 229 
 29711 11 231 
 29721 12 231 
 29727 11 231 
 29736 11 232 
 29739 12 232 
 29748 12 235 
 29752 12 238 
 29761 12 242 
 29763 12 244 
 29764 12 246 
 29768 12 249 
 29770 12 250 
 29778 12 256 
 29785 12 257 
 29791 12 260 
 29793 11 263 
 29795 11 266 
 29798 11 270 
 29799 11 273 
 29810 10 274 
 29813 10 275 
 29814 10 279 
 29815 10 281 
 29816 10 285 
 29819 10 288 
 29823 11 288 
 29838 11 291 
 29839 12 291 
 29840 12 295 
 29841 12 300 
 29844 12 303 
 29848 11 303 
 29858 11 305 
 29859 12 308 
 29862 12 310 
 29865 12 311 
 29874 12 313 
 29883 12 314 
 29884 12 317 
 29889 12 318 
 29890 12 320 
 29894 12 322 
 29896 12 324 
 29898 11 325 
 29900 10 326 
 29903 10 327 
 29909 9 328 
 29911 9 335 
 29913 9 338 
 29914 9 343 
 29929 9 344 
 29936 9 347 
 29945 8 347 
 29946 8 348 
 29947 8 349 
 29948 8 352 
 29951 8 354 
 29958 6 734 
 29960 6 736 
 29976 6 746 
 29978 6 750 
 29989 5 751 
 29994 5 755 
 29995 5 762 
 29996 5 764 
 29997 5 768 
 30006 4 770 
 30011 4 775 
 30012 4 776 
 30014 3 778 
 30016 3 780 
 30018 3 786 
 30022 3 788 
 30025 3 796 
 30027 3 800 
 30037 3 805 
 30043 3 812 
 30048 3 816 
 30051 3 823 
 30067 3 829 
 30075 3 831 
 30077 3 841 
 30079 3 843 
 30082 3 846 
 30086 3 848 
 30087 3 852 
 30089 3 856 
 30091 3 859 
 30097 3 864 
 30103 3 867 
 30108 3 870 
 30109 4 870 
 30110 4 875 
 30113 4 882 
 30117 4 885 
 30124 4 891 
 30131 4 895 
 30132 4 900 
 30142 4 906 
 30148 4 912 
 30149 4 916 
 30154 4 917 
 30156 4 921 
 30165 4 928 
 30170 4 929 
 30185 4 934 
 30189 4 939 
 30191 4 942 
 30192 4 949 
 30194 4 961 
 30198 4 964 
 30200 4 967 
 30207 4 969 
 30209 4 974 
 30215 4 981 
 30223 4 986 
 30224 4 989 
 30232 4 995 
 30234 4 999 
 30235 4 1001 
 30237 4 1007 
 30244 4 1009 
 30247 4 1012 
 30250 4 1021 
 30259 4 1026 
 30262 3 1027 
 30263 3 1032 
 30274 3 1036 
 30275 3 1041 
 30278 3 1045 
 30281 3 1048 
 30284 3 1054 
 30288 3 1058 
 30290 3 1062 
 30291 3 1069 
 30292 3 1072 
 30303 3 1077 
 30306 3 1081 
 30314 3 1086 
 30316 3 1089 
 30336 3 1094 
 30337 2 1095 
 30342 2 1100 
 30343 2 1113 
 30358 2 1121 
 30359 2 1126 
 30365 1 1128 
 30369 1 1131 
 30372 1 1136 
 30376 1 1140 
 30383 1 1143 
 30391 1 1147 
 30398 1 1150 
 30415 1 1154 
 30419 1 1158 
 30422 1 1163 
 30430 1 1177 
 30439 1 1184 
 30453 1 1191 
 30464 1 1192 
 30469 1 1199 
 30481 1 1204 
 30501 1 1207 
 30516 1 1213 
 30525 1 1217 
 30537 1 1222 
 30542 1 1228 
 30566 1 1232 
 30575 1 1239 
 30585 1 1244 
 30597 1 1248 
 30599 1 1252 
 30600 1 1255 
 30603 1 1261 
 30632 1 1266 
 30651 1 1271 
 30653 1 1275 
 30655 1 1280 
 30674 1 1281 
 30683 1 1283 
 30694 1 1285 
 30696 1 1288 
 30698 1 1293 
 30703 1 1297 
 30706 1 1302 
 30717 1 1308 
 30735 1 1313 
 30736 1 1319 
 30743 1 1324 
 30746 1 1330 
 30757 1 1335 
 30764 1 1341 
 30768 1 1344 
 30777 1 1345 
 30785 1 1348 
 30799 1 1351 
 30800 1 1357 
 30804 1 1364 
 30814 1 1372 
 30823 1 1378 
 30880 1 1384 
 30881 1 1389 
 30886 1 1394 
 30943 1 1401 
 30970 1 1403 
 30978 1 1407 
 31007 1 1409 
 31014 1 1419 
 31034 1 1423 
 31038 1 1429 
 31039 1 1431 
 31048 1 1438 
 31053 1 1441 
 31056 1 1445 
 31066 1 1450 
 31101 1 1456 
 31105 1 1457 
 31108 1 1463 
 31112 1 1469 
 31144 1 1472 
 31163 1 1478 
 31192 1 1484 
 31198 1 1490 
 31212 1 1494 
 31217 1 1498 
 31236 1 1502 
 31249 1 1505 
 31253 1 1510 
 31272 1 1515 
 31274 1 1520 
 31300 1 1527 
 31333 1 1534 
 31363 1 1538 
 31366 1 1544 
 31434 1 1549 
 31496 1 1554 
 31497 1 1561 
 31587 1 1565 
 31611 1 1568 
 31615 1 1574 
 31626 1 1581 
 31638 1 1588 
 31644 1 1591 
 31691 1 1597 
 31742 1 1600 
 31765 1 1603 
 31780 1 1609 
 31803 1 1613 
 31807 1 1620 
 31841 1 1626 
 31855 1 1631 
 31878 1 1638 
 31894 1 1643 
 31941 1 1647 
 31943 1 1654 
 31965 1 1658 
 32026 1 1665 
 32123 1 1670 
 32139 1 1676 
 32159 1 1681 
 32194 1 1686 
 32206 1 1692 
 32325 1 1697 
 32426 1 1703 
 32485 1 1709 
 32490 1 1715 
 32508 1 1719 
 32597 1 1723 
 32619 1 1728 
 32643 1 1734 
 32688 1 1739 
 32739 1 1746 
 32779 1 1751 
 32830 1 1756 
 32838 1 1763 
 32880 1 1769 
 32911 1 1775 
 33053 1 1781 
 33205 1 1786 
 33300 1 1793 
 33315 1 1799 
 33328 1 1804 
 33355 1 1810 
 33356 1 1817 
 33480 1 1824 
 33620 1 1831 
 33774 1 1838 
 33843 1 1842 
 33947 1 1848 
 33972 1 1855 
 33973 1 1861 
 33991 1 1867 
 34101 1 1873 
 34177 1 1880 
 34187 1 1887 
 34304 1 1893 
 34577 1 1897 
 34580 1 1903 
 34609 1 1910 
 34617 1 1917 
 34717 1 1922 
 34751 1 1928 
 34792 1 1933 
 34824 1 1938 
 34988 1 1945 
 35583 1 1950 
 35927 1 1957 
 36176 1 1963 
 36395 1 1970 
 36559 1 1977 
 36679 1 1984 
 36760 1 1991 
 36775 1 1998 
 36826 1 2005 
 36923 1 2012 
 37577 1 2019 
 37645 1 2025 
 37771 1 2032 
 38122 1 2039 
 38484 1 2046 
 39112 1 2053 
 39384 1 2060 
 40412 1 2066 
 43658 1 2073 
 45109 1 2080 
 45192 1 2086 
 46114 1 2093 
 56105 1 2100 