21061 23832
23355 24561
22737 24768
25277 25889
26823 26907
24791 27129
25755 27340
22623 27408
26485 27678
28074 28102
28326 28347
27800 28362
20794 28428
27375 28487
25554 28623
25899 28682
24135 28692
27525 28706
26842 28719
26973 28846
27220 28870
27737 28937
26829 28994
27809 29070
27674 29075
28327 29077
28298 29112
28885 29179
26855 29200
29152 29207
27532 29275
25787 29277
26621 29282
26526 29393
26576 29486
19276 29491
24924 29513
28362 29515
18525 29592
29297 29624
27467 29648
29469 29727
29592 29793
26807 29810
27090 29848
29823 29898
21816 29900
28549 29909
29859 29945
29739 29958
25106 29958
18914 29989
29839 30006
29721 30014
29470 30262
30109 30337
27606 30365
10000 -1
