22737 24768
25300 25309
21061 25927
25277 27124
26236 27170
25912 27576
27441 27657
26485 27678
28074 28362
27501 28491
27375 28599
23355 28610
28471 28610
22623 28656
24791 28692
27340 28715
27276 28715
26823 28737
28099 28769
26973 28846
26086 28870
25775 28873
28327 29077
28686 29085
28298 29187
26829 29210
27737 29298
27809 29324
27525 29340
25787 29343
28719 29365
26842 29451
29152 29479
27532 29486
25899 29491
25554 29496
27800 29518
19276 29552
26526 29564
26576 29576
28623 29610
27674 29614
29277 29614
25755 29620
29297 29620
28326 29640
29297 29701
26855 29704
29348 29708
24924 29748
26621 29795
24135 29799
20794 29816
29716 29859
29505 29862
29823 29898
29824 29911
27467 29911
29739 29958
29947 29958
27090 29958
29859 29958
29469 29958
21816 29958
27220 29958
28549 29958
25106 29958
26807 29958
28885 29989
29958 29996
29839 30006
29451 30012
29721 30014
29592 30079
29808 30079
18914 30086
29900 30110
18525 30124
28139 30154
29848 30224
29929 30224
27217 30235
29470 30262
30170 30292
29975 30369
30109 30398
30514 30599
28362 30703
30538 30814
26885 31007
27606 31039
31105 31144
30464 31236
10000 -1
