2273710 2476872
2530028 2530973
2106167 2592759
2527763 2712478
2623652 2717016
2591252 2757670
2744196 2765732
2648552 2767839
2807486 2836214
2750175 2849129
2737533 2859985
2847191 2861019
2335517 2861019
2262395 2865681
2479120 2869261
2734053 2871522
2727654 2871522
2682377 2873769
2809956 2876914
2697398 2884629
2608692 2887017
2577509 2887387
2832762 2907709
2868644 2908578
2829848 2918781
2682981 2921065
2773747 2929809
2780966 2932431
2752570 2934041
2578709 2934329
2871961 2936516
2684279 2945111
2915279 2947909
2753256 2948669
2589951 2949172
2555434 2949689
2780046 2951861
1927618 2955203
2652692 2956466
2657608 2957617
2862346 2961016
2927730 2961464
2767452 2961464
2575539 2962095
2929776 2962095
2832632 2964013
2929783 2970101
2685517 2970443
2934837 2970883
2492496 2974834
2662162 2979528
2413584 2979966
2079405 2981651
2971685 2985987
2950565 2986296
2982370 2989883
2746782 2991111
2982469 2991177
2181681 2995875
2994724 2995875
2680754 2995875
2510653 2995875
2946981 2995875
2854979 2995875
2973957 2995875
2722028 2995875
2709025 2995875
2985906 2995875
2888571 2998921
2995875 2999637
2983972 3000695
2945188 3001245
2972133 3001498
2980828 3007994
2959204 3007994
1891496 3008690
2990048 3011082
1852580 3012406
2813917 3015469
2992991 3022471
2984810 3022471
2721787 3023547
2947041 3026260
3017030 3029251
2997599 3036979
3010988 3039857
3051478 3059952
2836206 3070301
3053834 3081451
2688538 3100763
2760617 3103993
3110545 3114481
3046462 3123613
1000000 -1
