2
0 0 0 2995875
1 0 0 1 0 2995875
1 0 0 0 1 2995875
0 0 1 2995875
1 0 1 1 1 2995875
1 0 1 0 2 2995875
0 0 2 2995875
1 0 2 1 2 2995875
1 0 2 0 3 2995875
0 0 3 2995875
1 0 3 1 3 2995875
1 0 3 0 4 2995875
0 0 4 2995875
1 0 4 1 4 2995875
1 0 4 0 5 2995875
0 0 5 2995875
1 0 5 1 5 2995875
1 0 5 0 6 2995875
0 0 6 2995875
1 0 6 1 6 2995875
1 0 6 0 7 2995875
0 0 7 2995875
1 0 7 1 7 2995875
1 0 7 0 8 2995875
0 0 8 2995875
1 0 8 1 8 2995875
1 0 8 0 9 2995875
0 0 9 2995875
1 0 9 1 9 3014252
1 0 9 0 10 2995875
0 0 10 2995875
1 0 10 1 10 2995875
1 0 10 0 11 2995875
0 0 11 2995875
1 0 11 1 11 2995875
1 0 11 0 12 2995875
0 0 12 2995875
1 0 12 1 12 3005107
1 0 12 0 13 2995875
0 0 13 2995875
1 0 13 1 13 2995875
1 0 13 0 14 2995875
0 0 14 2995875
1 0 14 1 14 2995875
1 0 14 0 15 2995875
0 0 15 2995875
1 0 15 1 15 3011352
1 0 15 0 16 2995875
0 0 16 2990347
1 0 16 1 16 2990347
1 0 16 0 17 2991177
0 0 17 2991177
1 0 17 1 17 2991177
1 0 17 0 18 2991177
0 0 18 2982469
1 0 18 1 18 2991440
1 0 18 0 19 3026260
0 0 19 3026260
1 0 19 1 19 3048155
1 0 19 0 20 3026260
0 0 20 2978466
1 0 20 1 20 3394755
1 0 20 0 21 2978466
0 0 21 2947041
1 0 21 1 21 3161182
1 0 21 0 22 3077723
0 0 22 3077723
1 0 22 1 22 3848447
1 0 22 0 23 3077723
0 0 23 2995875
1 0 23 1 23 3103452
1 0 23 0 24 2995875
0 0 24 2995875
1 0 24 1 24 2995875
1 0 24 0 25 2995875
0 0 25 2995875
1 0 25 1 25 2995875
1 0 25 0 26 2995875
0 0 26 2995875
1 0 26 1 26 2995875
1 0 26 0 27 2995875
0 0 27 2995875
1 0 27 1 27 2995875
1 0 27 0 28 2995875
0 0 28 2995875
1 0 28 1 28 2995875
0 1 0 2995875
1 1 0 2 0 2995875
1 1 0 1 1 2995875
0 1 1 2995875
1 1 1 2 1 2995875
1 1 1 1 2 2995875
0 1 2 2995875
1 1 2 2 2 2995875
1 1 2 1 3 2995875
0 1 3 2995875
1 1 3 2 3 2995875
1 1 3 1 4 2995875
0 1 4 2995875
1 1 4 2 4 2995875
1 1 4 1 5 2995875
0 1 5 2995875
1 1 5 2 5 2995875
1 1 5 1 6 2995875
0 1 6 2995875
1 1 6 2 6 2995875
1 1 6 1 7 2995875
0 1 7 2995875
1 1 7 2 7 2995875
1 1 7 1 8 2995875
0 1 8 2995875
1 1 8 2 8 2995875
1 1 8 1 9 3014252
0 1 9 3014252
1 1 9 2 9 3058550
1 1 9 1 10 3014252
0 1 10 2957085
1 1 10 2 10 2957085
1 1 10 1 11 2994837
0 1 11 2994837
1 1 11 2 11 2994837
1 1 11 1 12 3005107
0 1 12 3005107
1 1 12 2 12 3005107
1 1 12 1 13 3005107
0 1 13 2995875
1 1 13 2 13 2995875
1 1 13 1 14 2995875
0 1 14 2994724
1 1 14 2 14 2997839
1 1 14 1 15 3011352
0 1 15 3011352
1 1 15 2 15 3011352
1 1 15 1 16 3011352
0 1 16 2934836
1 1 16 2 16 2934836
1 1 16 1 17 2934836
0 1 17 2909065
1 1 17 2 17 2909065
1 1 17 1 18 2991440
0 1 18 2991440
1 1 18 2 18 2991440
1 1 18 1 19 3048155
0 1 19 3048155
1 1 19 2 19 3048155
1 1 19 1 20 3394755
0 1 20 3394755
1 1 20 2 20 3417718
1 1 20 1 21 3394755
0 1 21 3161182
1 1 21 2 21 3161182
1 1 21 1 22 3848447
0 1 22 3848447
1 1 22 2 22 3848447
1 1 22 1 23 3848447
0 1 23 3103452
1 1 23 2 23 3250837
1 1 23 1 24 3103452
0 1 24 2995875
1 1 24 2 24 2995875
1 1 24 1 25 2995875
0 1 25 2995875
1 1 25 2 25 3001830
1 1 25 1 26 2995875
0 1 26 2995875
1 1 26 2 26 2995875
1 1 26 1 27 2995875
0 1 27 2995875
1 1 27 2 27 2995875
1 1 27 1 28 2995875
0 1 28 2995875
1 1 28 2 28 2995875
0 2 0 2995875
1 2 0 3 0 2995875
1 2 0 2 1 2995875
0 2 1 2995875
1 2 1 3 1 2995875
1 2 1 2 2 2995875
0 2 2 2995875
1 2 2 3 2 2995875
1 2 2 2 3 2995875
0 2 3 2995875
1 2 3 3 3 2995875
1 2 3 2 4 2995875
0 2 4 2995875
1 2 4 3 4 2995875
1 2 4 2 5 2995875
0 2 5 2995875
1 2 5 3 5 2995875
1 2 5 2 6 2995875
0 2 6 2995875
1 2 6 3 6 2995875
1 2 6 2 7 2995875
0 2 7 2995875
1 2 7 3 7 2995875
1 2 7 2 8 2995875
0 2 8 2995875
1 2 8 3 8 2995875
1 2 8 2 9 3058550
0 2 9 3058550
1 2 9 3 9 3149638
1 2 9 2 10 3058550
0 2 10 2577509
1 2 10 3 10 3938441
1 2 10 2 11 2887387
0 2 11 2887387
1 2 11 3 11 2887387
1 2 11 2 12 2887387
0 2 12 2847191
1 2 12 3 12 2861019
1 2 12 2 13 2949538
0 2 13 2949538
1 2 13 3 13 3692392
1 2 13 2 14 2997839
0 2 14 2997839
1 2 14 3 14 3060370
1 2 14 2 15 2997839
0 2 15 2799367
1 2 15 3 15 2901139
1 2 15 2 16 2799367
0 2 16 2589951
1 2 16 3 16 2717016
1 2 16 2 17 2738041
0 2 17 2738041
1 2 17 3 17 2738041
1 2 17 2 18 2865606
0 2 18 2865606
1 2 18 3 18 2865606
1 2 18 2 19 2899130
0 2 19 2899130
1 2 19 3 19 3088064
1 2 19 2 20 3417718
0 2 20 3417718
1 2 20 3 20 3417718
1 2 20 2 21 3417718
0 2 21 2760617
1 2 21 3 21 3103993
1 2 21 2 22 3176539
0 2 22 3176539
1 2 22 3 22 3498893
1 2 22 2 23 3250837
0 2 23 3250837
1 2 23 3 23 3283056
1 2 23 2 24 3250837
0 2 24 2974415
1 2 24 3 24 2974415
1 2 24 2 25 3001830
0 2 25 3001830
1 2 25 3 25 3161566
1 2 25 2 26 3001830
0 2 26 2995875
1 2 26 3 26 2995875
1 2 26 2 27 2995875
0 2 27 2995875
1 2 27 3 27 2995875
1 2 27 2 28 2995875
0 2 28 2995875
1 2 28 3 28 2995875
0 3 0 2995875
1 3 0 4 0 2995875
1 3 0 3 1 2995875
0 3 1 2995875
1 3 1 4 1 2995875
1 3 1 3 2 2995875
0 3 2 2995875
1 3 2 4 2 2995875
1 3 2 3 3 2995875
0 3 3 2995875
1 3 3 4 3 2995875
1 3 3 3 4 2995875
0 3 4 2995875
1 3 4 4 4 2995875
1 3 4 3 5 2995875
0 3 5 2995875
1 3 5 4 5 3014869
1 3 5 3 6 2995875
0 3 6 2995875
1 3 6 4 6 2995875
1 3 6 3 7 2995875
0 3 7 2995875
1 3 7 4 7 3016582
1 3 7 3 8 2995875
0 3 8 2995875
1 3 8 4 8 2995875
1 3 8 3 9 3149638
0 3 9 3149638
1 3 9 4 9 3149638
1 3 9 3 10 3938441
0 3 10 3938441
1 3 10 4 10 3938441
1 3 10 3 11 3938441
0 3 11 2335517
1 3 11 4 11 2911436
1 3 11 3 12 2861019
0 3 12 2861019
1 3 12 4 12 2861019
1 3 12 3 13 3692392
0 3 13 3692392
1 3 13 4 13 3692392
1 3 13 3 14 3692392
0 3 14 3060370
1 3 14 4 14 3060370
1 3 14 3 15 3060370
0 3 15 2901139
1 3 15 4 15 2939055
1 3 15 3 16 2901139
0 3 16 2717016
1 3 16 4 16 3034375
1 3 16 3 17 2717016
0 3 17 2623652
1 3 17 4 17 2917874
1 3 17 3 18 2853666
0 3 18 2853666
1 3 18 4 18 2955203
1 3 18 3 19 3088064
0 3 19 3088064
1 3 19 4 19 3088064
1 3 19 3 20 3088064
0 3 20 3036550
1 3 20 4 20 3036550
1 3 20 3 21 3103993
0 3 21 3103993
1 3 21 4 21 3399150
1 3 21 3 22 3498893
0 3 22 3498893
1 3 22 4 22 3498893
1 3 22 3 23 3498893
0 3 23 3283056
1 3 23 4 23 3283056
1 3 23 3 24 3283056
0 3 24 2970500
1 3 24 4 24 2970500
1 3 24 3 25 3161566
0 3 25 3161566
1 3 25 4 25 3418742
1 3 25 3 26 3161566
0 3 26 2973957
1 3 26 4 26 3037697
1 3 26 3 27 2995875
0 3 27 2995875
1 3 27 4 27 2995875
1 3 27 3 28 2995875
0 3 28 2995875
1 3 28 4 28 2995875
0 4 0 2995875
1 4 0 5 0 2995875
1 4 0 4 1 2995875
0 4 1 2995875
1 4 1 5 1 2995875
1 4 1 4 2 2995875
0 4 2 2995875
1 4 2 5 2 2995875
1 4 2 4 3 2995875
0 4 3 2995875
1 4 3 5 3 2995875
1 4 3 4 4 2995875
0 4 4 2995875
1 4 4 5 4 2995875
1 4 4 4 5 3014869
0 4 5 3014869
1 4 5 5 5 3018571
1 4 5 4 6 3014869
0 4 6 2949589
1 4 6 5 6 2949589
1 4 6 4 7 3016582
0 4 7 3016582
1 4 7 5 7 3016582
1 4 7 4 8 3016582
0 4 8 2988345
1 4 8 5 8 2988345
1 4 8 4 9 3105666
0 4 9 3105666
1 4 9 5 9 3105666
1 4 9 4 10 3305342
0 4 10 3305342
1 4 10 5 10 3305342
1 4 10 4 11 3305342
0 4 11 2911436
1 4 11 5 11 3101437
1 4 11 4 12 2911436
0 4 12 2456114
1 4 12 5 12 2695671
1 4 12 4 13 2456114
0 4 13 1927618
1 4 13 5 13 2979128
1 4 13 4 14 2949172
0 4 14 2949172
1 4 14 5 14 3011082
1 4 14 4 15 2949172
0 4 15 2939055
1 4 15 5 15 2989631
1 4 15 4 16 3034375
0 4 16 3034375
1 4 16 5 16 3034375
1 4 16 4 17 3034375
0 4 17 2917874
1 4 17 5 17 2961464
1 4 17 4 18 2955203
0 4 18 2955203
1 4 18 5 18 3043910
1 4 18 4 19 2955203
0 4 19 2868250
1 4 19 5 19 3034259
1 4 19 4 20 2868250
0 4 20 2578709
1 4 20 5 20 2934329
1 4 20 4 21 3399150
0 4 21 3399150
1 4 21 5 21 3399150
1 4 21 4 22 3399150
0 4 22 3320599
1 4 22 5 22 3320599
1 4 22 4 23 3320599
0 4 23 2943510
1 4 23 5 23 2943510
1 4 23 4 24 2943510
0 4 24 2722028
1 4 24 5 24 2908578
1 4 24 4 25 3418742
0 4 25 3418742
1 4 25 5 25 3418742
1 4 25 4 26 3418742
0 4 26 3037697
1 4 26 5 26 3037697
1 4 26 4 27 3037697
0 4 27 2995875
1 4 27 5 27 2995875
1 4 27 4 28 2995875
0 4 28 2995875
1 4 28 5 28 2999788
0 5 0 2995875
1 5 0 6 0 2995875
1 5 0 5 1 2995875
0 5 1 2995875
1 5 1 6 1 2995875
1 5 1 5 2 2995875
0 5 2 2995875
1 5 2 6 2 2995875
1 5 2 5 3 2995875
0 5 3 2995875
1 5 3 6 3 2995875
1 5 3 5 4 2995875
0 5 4 2995875
1 5 4 6 4 2995875
1 5 4 5 5 3018571
0 5 5 3018571
1 5 5 6 5 3027865
1 5 5 5 6 3018571
0 5 6 2709025
1 5 6 6 6 3136308
1 5 6 5 7 2940303
0 5 7 2940303
1 5 7 6 7 5610522
1 5 7 5 8 2964071
0 5 8 2964071
1 5 8 6 8 3031476
1 5 8 5 9 3025018
0 5 9 3025018
1 5 9 6 9 3025018
1 5 9 5 10 3025018
0 5 10 2992991
1 5 10 6 10 3022471
1 5 10 5 11 3101437
0 5 11 3101437
1 5 11 6 11 3461776
1 5 11 5 12 3101437
0 5 12 2695671
1 5 12 6 12 3088658
1 5 12 5 13 2979128
0 5 13 2979128
1 5 13 6 13 3013285
1 5 13 5 14 3011082
0 5 14 3011082
1 5 14 6 14 3011082
1 5 14 5 15 3011082
0 5 15 2989631
1 5 15 6 15 3185541
1 5 15 5 16 2989631
0 5 16 2927730
1 5 16 6 16 3059738
1 5 16 5 17 2961464
0 5 17 2961464
1 5 17 6 17 2961464
1 5 17 5 18 3043910
0 5 18 3043910
1 5 18 6 18 3043910
1 5 18 5 19 3043910
0 5 19 3034259
1 5 19 6 19 3035887
1 5 19 5 20 3034259
0 5 20 2934329
1 5 20 6 20 2934329
1 5 20 5 21 3088170
0 5 21 3088170
1 5 21 6 21 3088170
1 5 21 5 22 3088170
0 5 22 3056610
1 5 22 6 22 3056610
1 5 22 5 23 3056610
0 5 23 2868644
1 5 23 6 23 2997675
1 5 23 5 24 2908578
0 5 24 2908578
1 5 24 6 24 3065530
1 5 24 5 25 3110160
0 5 25 3110160
1 5 25 6 25 3110160
1 5 25 5 26 3110160
0 5 26 3009110
1 5 26 6 26 3009110
1 5 26 5 27 3009110
0 5 27 2976841
1 5 27 6 27 2976841
1 5 27 5 28 2999788
0 5 28 2999788
1 5 28 6 28 2999788
0 6 0 2995875
1 6 0 7 0 2995875
1 6 0 6 1 2995875
0 6 1 2995875
1 6 1 7 1 2995875
1 6 1 6 2 2995875
0 6 2 2995875
1 6 2 7 2 2995875
1 6 2 6 3 2995875
0 6 3 2995875
1 6 3 7 3 2995875
1 6 3 6 4 2995875
0 6 4 2995875
1 6 4 7 4 2995875
1 6 4 6 5 3027865
0 6 5 3027865
1 6 5 7 5 3264396
1 6 5 6 6 3136308
0 6 6 3136308
1 6 6 7 6 3397305
1 6 6 6 7 5610522
0 6 7 5610522
1 6 7 7 7 5610522
1 6 7 6 8 5610522
0 6 8 3031476
1 6 8 7 8 3031476
1 6 8 6 9 3031476
0 6 9 2984810
1 6 9 7 9 3677599
1 6 9 6 10 3022471
0 6 10 3022471
1 6 10 7 10 3022471
1 6 10 6 11 3461776
0 6 11 3461776
1 6 11 7 11 3461776
1 6 11 6 12 3461776
0 6 12 3088658
1 6 12 7 12 3088658
1 6 12 6 13 3088658
0 6 13 3013285
1 6 13 7 13 3013285
1 6 13 6 14 3013285
0 6 14 2990048
1 6 14 7 14 3164445
1 6 14 6 15 3185541
0 6 15 3185541
1 6 15 7 15 3410156
1 6 15 6 16 3185541
0 6 16 3059738
1 6 16 7 16 3189493
1 6 16 6 17 3059738
0 6 17 2767452
1 6 17 7 17 2964013
1 6 17 6 18 3002709
0 6 18 3002709
1 6 18 7 18 3002709
1 6 18 6 19 3035887
0 6 19 3035887
1 6 19 7 19 3035887
1 6 19 6 20 3035887
0 6 20 2907594
1 6 20 7 20 3348077
1 6 20 6 21 2907594
0 6 21 2608692
1 6 21 7 21 3074678
1 6 21 6 22 2887017
0 6 22 2887017
1 6 22 7 22 2887017
1 6 22 6 23 2997675
0 6 23 2997675
1 6 23 7 23 2997675
1 6 23 6 24 3065530
0 6 24 3065530
1 6 24 7 24 3065530
1 6 24 6 25 3065530
0 6 25 3052589
1 6 25 7 25 3110886
1 6 25 6 26 3052589
0 6 26 2746782
1 6 26 7 26 2780323
1 6 26 6 27 2945361
0 6 27 2945361
1 6 27 7 27 2945361
1 6 27 6 28 2987426
0 6 28 2987426
1 6 28 7 28 3028815
0 7 0 2995875
1 7 0 8 0 2995875
1 7 0 7 1 2995875
0 7 1 2995875
1 7 1 8 1 2995875
1 7 1 7 2 2995875
0 7 2 2995875
1 7 2 8 2 2995875
1 7 2 7 3 2995875
0 7 3 2995875
1 7 3 8 3 2995875
1 7 3 7 4 2995875
0 7 4 2995875
1 7 4 8 4 2995875
1 7 4 7 5 3264396
0 7 5 3264396
1 7 5 8 5 3264396
1 7 5 7 6 3397305
0 7 6 3397305
1 7 6 8 6 3397305
1 7 6 7 7 3397305
0 7 7 2361840
1 7 7 8 7 2361840
1 7 7 7 8 3012401
0 7 8 3012401
1 7 8 8 8 3458083
1 7 8 7 9 3677599
0 7 9 3677599
1 7 9 8 9 3677599
1 7 9 7 10 3677599
0 7 10 2713766
1 7 10 8 10 2713766
1 7 10 7 11 2738833
0 7 11 2738833
1 7 11 8 11 2988496
1 7 11 7 12 2869261
0 7 12 2869261
1 7 12 8 12 3037285
1 7 12 7 13 2869261
0 7 13 2868431
1 7 13 8 13 2868431
1 7 13 7 14 3164445
0 7 14 3164445
1 7 14 8 14 3911233
1 7 14 7 15 3410156
0 7 15 3410156
1 7 15 8 15 3410156
1 7 15 7 16 3410156
0 7 16 3189493
1 7 16 8 16 3189493
1 7 16 7 17 3189493
0 7 17 2964013
1 7 17 8 17 3027447
1 7 17 7 18 2964013
0 7 18 2834717
1 7 18 8 18 3149761
1 7 18 7 19 2834717
0 7 19 2832632
1 7 19 8 19 3065339
1 7 19 7 20 3348077
0 7 20 3348077
1 7 20 8 20 3348077
1 7 20 7 21 3348077
0 7 21 3074678
1 7 21 8 21 3074678
1 7 21 7 22 3074678
0 7 22 2527763
1 7 22 8 22 2588953
1 7 22 7 23 2918378
0 7 23 2918378
1 7 23 8 23 2918378
1 7 23 7 24 3028159
0 7 24 3028159
1 7 24 8 24 3028159
1 7 24 7 25 3110886
0 7 25 3110886
1 7 25 8 25 3130014
1 7 25 7 26 3110886
0 7 26 2780323
1 7 26 8 26 2991111
1 7 26 7 27 2880017
0 7 27 2880017
1 7 27 8 27 2964815
1 7 27 7 28 3028815
0 7 28 3028815
1 7 28 8 28 3028815
0 8 0 2995875
1 8 0 9 0 2995875
1 8 0 8 1 2995875
0 8 1 2995875
1 8 1 9 1 2995875
1 8 1 8 2 2995875
0 8 2 2982617
1 8 2 9 2 3063292
1 8 2 8 3 2982617
0 8 3 2982370
1 8 3 9 3 3273996
1 8 3 8 4 2989883
0 8 4 2989883
1 8 4 9 4 3020995
1 8 4 8 5 2989883
0 8 5 2985859
1 8 5 9 5 2985859
1 8 5 8 6 2985859
0 8 6 2907249
1 8 6 9 6 2907249
1 8 6 8 7 2907249
0 8 7 2181681
1 8 7 9 7 2671360
1 8 7 8 8 3458083
0 8 8 3458083
1 8 8 9 8 3458083
1 8 8 8 9 3458083
0 8 9 2479120
1 8 9 9 9 2979966
1 8 9 8 10 2516074
0 8 10 2516074
1 8 10 9 10 3070605
1 8 10 8 11 2988496
0 8 11 2988496
1 8 11 9 11 3592768
1 8 11 8 12 3037285
0 8 12 3037285
1 8 12 9 12 3288011
1 8 12 8 13 3037285
0 8 13 2413584
1 8 13 9 13 2856545
1 8 13 8 14 3911233
0 8 14 3911233
1 8 14 9 14 3911233
1 8 14 8 15 3911233
0 8 15 3268852
1 8 15 9 15 3268852
1 8 15 8 16 3268852
0 8 16 3039158
1 8 16 9 16 3039158
1 8 16 8 17 3039158
0 8 17 3027447
1 8 17 9 17 3027447
1 8 17 8 18 3149761
0 8 18 3149761
1 8 18 9 18 3149761
1 8 18 8 19 3149761
0 8 19 3065339
1 8 19 9 19 3065339
1 8 19 8 20 3065339
0 8 20 2929776
1 8 20 9 20 3213985
1 8 20 8 21 2962095
0 8 21 2962095
1 8 21 9 21 2962095
1 8 21 8 22 2962095
0 8 22 2588953
1 8 22 9 22 4365871
1 8 22 8 23 2712478
0 8 23 2712478
1 8 23 9 23 2712478
1 8 23 8 24 3015639
0 8 24 3015639
1 8 24 9 24 3015639
1 8 24 8 25 3130014
0 8 25 3130014
1 8 25 9 25 3130014
1 8 25 8 26 3130014
0 8 26 2991111
1 8 26 9 26 2991111
1 8 26 8 27 2991111
0 8 27 2964815
1 8 27 9 27 3043038
1 8 27 8 28 3008690
0 8 28 3008690
1 8 28 9 28 3008690
0 9 0 2995875
1 9 0 10 0 2995875
1 9 0 9 1 2995875
0 9 1 2995875
1 9 1 10 1 2995875
1 9 1 9 2 3063292
0 9 2 3063292
1 9 2 10 2 3063292
1 9 2 9 3 3273996
0 9 3 3273996
1 9 3 10 3 3273996
1 9 3 9 4 3273996
0 9 4 3020995
1 9 4 10 4 3020995
1 9 4 9 5 3020995
0 9 5 2936516
1 9 5 10 5 2936516
1 9 5 9 6 2936516
0 9 6 2787471
1 9 6 10 6 2945111
1 9 6 9 7 2787471
0 9 7 2671360
1 9 7 10 7 3043064
1 9 7 9 8 2712908
0 9 8 2712908
1 9 8 10 8 3018970
1 9 8 9 9 2979966
0 9 9 2979966
1 9 9 10 9 2981472
1 9 9 9 10 3070605
0 9 10 3070605
1 9 10 10 10 3070605
1 9 10 9 11 3592768
0 9 11 3592768
1 9 11 10 11 3592768
1 9 11 9 12 3592768
0 9 12 3288011
1 9 12 10 12 3288011
1 9 12 9 13 3288011
0 9 13 2856545
1 9 13 10 13 2970443
1 9 13 9 14 3001136
0 9 14 3001136
1 9 14 10 14 3001136
1 9 14 9 15 3001136
0 9 15 2993638
1 9 15 10 15 2993638
1 9 15 9 16 2993638
0 9 16 2950565
1 9 16 10 16 2986296
1 9 16 9 17 2988957
0 9 17 2988957
1 9 17 10 17 3050141
1 9 17 9 18 3015469
0 9 18 3015469
1 9 18 10 18 3078539
1 9 18 9 19 3015469
0 9 19 2813917
1 9 19 10 19 3655972
1 9 19 9 20 3213985
0 9 20 3213985
1 9 20 10 20 3213985
1 9 20 9 21 3213985
0 9 21 2883191
1 9 21 10 21 2883191
1 9 21 9 22 4365871
0 9 22 4365871
1 9 22 10 22 4365871
1 9 22 9 23 4365871
0 9 23 1891496
1 9 23 10 23 3332805
1 9 23 9 24 2702602
0 9 24 2702602
1 9 24 10 24 3127414
1 9 24 9 25 2768505
0 9 25 2768505
1 9 25 10 25 2870649
1 9 25 9 26 2912073
0 9 26 2912073
1 9 26 10 26 2917969
1 9 26 9 27 3043038
0 9 27 3043038
1 9 27 10 27 3043038
1 9 27 9 28 3043038
0 9 28 2995875
1 9 28 10 28 2999637
0 10 0 2995875
1 10 0 11 0 2995875
1 10 0 10 1 2995875
0 10 1 2995875
1 10 1 11 1 2995875
1 10 1 10 2 3020797
0 10 2 3020797
1 10 2 11 2 3022371
1 10 2 10 3 3169105
0 10 3 3169105
1 10 3 11 3 3169105
1 10 3 10 4 3169105
0 10 4 2908650
1 10 4 11 4 3029041
1 10 4 10 5 2908650
0 10 5 2871961
1 10 5 11 5 2979381
1 10 5 10 6 2945111
0 10 6 2945111
1 10 6 11 6 2945111
1 10 6 10 7 3043064
0 10 7 3043064
1 10 7 11 7 3043064
1 10 7 10 8 3043064
0 10 8 3018970
1 10 8 11 8 3023756
1 10 8 10 9 3018970
0 10 9 2981472
1 10 9 11 9 2981472
1 10 9 10 10 2981472
0 10 10 2851417
1 10 10 11 10 2851417
1 10 10 10 11 3081437
0 10 11 3081437
1 10 11 11 11 3162607
1 10 11 10 12 3081437
0 10 12 2986592
1 10 12 11 12 3023456
1 10 12 10 13 2986592
0 10 13 2970443
1 10 13 11 13 3377464
1 10 13 10 14 2970443
0 10 14 2920001
1 10 14 11 14 2920001
1 10 14 10 15 2946349
0 10 15 2946349
1 10 15 11 15 2976355
1 10 15 10 16 2986296
0 10 16 2986296
1 10 16 11 16 3097890
1 10 16 10 17 3050141
0 10 17 3050141
1 10 17 11 17 3097090
1 10 17 10 18 3078539
0 10 18 3078539
1 10 18 11 18 3174272
1 10 18 10 19 3655972
0 10 19 3655972
1 10 19 11 19 3655972
1 10 19 10 20 3655972
0 10 20 2575539
1 10 20 11 20 3114481
1 10 20 10 21 2871522
0 10 21 2871522
1 10 21 11 21 2871522
1 10 21 10 22 2871522
0 10 22 2734053
1 10 22 11 22 3031657
1 10 22 10 23 3332805
0 10 23 3332805
1 10 23 11 23 3777189
1 10 23 10 24 3332805
0 10 24 3127414
1 10 24 11 24 3127414
1 10 24 10 25 3127414
0 10 25 2870649
1 10 25 11 25 2934041
1 10 25 10 26 2917969
0 10 26 2917969
1 10 26 11 26 3075788
1 10 26 10 27 3035921
0 10 27 3035921
1 10 27 11 27 3035921
1 10 27 10 28 3035921
0 10 28 2999637
1 10 28 11 28 2999637
0 11 0 2995875
1 11 0 12 0 2995875
1 11 0 11 1 2995875
0 11 1 2995875
1 11 1 12 1 2995875
1 11 1 11 2 3022371
0 11 2 3022371
1 11 2 12 2 3022371
1 11 2 11 3 3034381
0 11 3 3034381
1 11 3 12 3 3034381
1 11 3 11 4 3034381
0 11 4 3029041
1 11 4 12 4 3029041
1 11 4 11 5 3029041
0 11 5 2979381
1 11 5 12 5 3249010
1 11 5 11 6 2979381
0 11 6 2750175
1 11 6 12 6 3362014
1 11 6 11 7 2849129
0 11 7 2849129
1 11 7 12 7 2849129
1 11 7 11 8 3023756
0 11 8 3023756
1 11 8 12 8 3023756
1 11 8 11 9 3023756
0 11 9 2804088
1 11 9 12 9 2929809
1 11 9 11 10 2804088
0 11 10 2773747
1 11 10 12 10 2889681
1 11 10 11 11 3162607
0 11 11 3162607
1 11 11 12 11 3162607
1 11 11 11 12 3162607
0 11 12 3023456
1 11 12 12 12 3023456
1 11 12 11 13 3377464
0 11 13 3377464
1 11 13 12 13 3377464
1 11 13 11 14 3377464
0 11 14 2685517
1 11 14 12 14 3070301
1 11 14 11 15 2976355
0 11 15 2976355
1 11 15 12 15 3219422
1 11 15 11 16 3097890
0 11 16 3097890
1 11 16 12 16 3682617
1 11 16 11 17 3097890
0 11 17 3097090
1 11 17 12 17 3471784
1 11 17 11 18 3174272
0 11 18 3174272
1 11 18 12 18 3430478
1 11 18 11 19 3174272
0 11 19 3110545
1 11 19 12 19 3277935
1 11 19 11 20 3114481
0 11 20 3114481
1 11 20 12 20 3283885
1 11 20 11 21 3114481
0 11 21 2727654
1 11 21 12 21 3116305
1 11 21 11 22 3031657
0 11 22 3031657
1 11 22 12 22 3031657
1 11 22 11 23 3777189
0 11 23 3777189
1 11 23 12 23 3777189
1 11 23 11 24 3777189
0 11 24 2752570
1 11 24 12 24 3069610
1 11 24 11 25 2934041
0 11 25 2934041
1 11 25 12 25 3104888
1 11 25 11 26 3075788
0 11 26 3075788
1 11 26 12 26 3076463
1 11 26 11 27 3075788
0 11 27 2888571
1 11 27 12 27 2971142
1 11 27 11 28 2901454
0 11 28 2901454
1 11 28 12 28 2919205
0 12 0 2995875
1 12 0 13 0 2995875
1 12 0 12 1 2995875
0 12 1 2995875
1 12 1 13 1 2995875
1 12 1 12 2 2995875
0 12 2 2995875
1 12 2 13 2 3013133
1 12 2 12 3 3007994
0 12 3 3007994
1 12 3 13 3 3007994
1 12 3 12 4 3007994
0 12 4 2959204
1 12 4 13 4 3124945
1 12 4 12 5 3249010
0 12 5 3249010
1 12 5 13 5 3249010
1 12 5 12 6 3362014
0 12 6 3362014
1 12 6 13 6 3362014
1 12 6 12 7 3362014
0 12 7 2684279
1 12 7 13 7 3002587
1 12 7 12 8 2893788
0 12 8 2893788
1 12 8 13 8 2911574
1 12 8 12 9 2929809
0 12 9 2929809
1 12 9 13 9 3010828
1 12 9 12 10 2929809
0 12 10 2889681
1 12 10 13 10 3082356
1 12 10 12 11 3000695
0 12 11 3000695
1 12 11 13 11 3011716
1 12 11 12 12 3000695
0 12 12 2983972
1 12 12 13 12 2987930
1 12 12 12 13 3019198
0 12 13 3019198
1 12 13 13 13 3101458
1 12 13 12 14 3070301
0 12 14 3070301
1 12 14 13 14 3070301
1 12 14 12 15 3219422
0 12 15 3219422
1 12 15 13 15 3219422
1 12 15 12 16 3682617
0 12 16 3682617
1 12 16 13 16 3682617
1 12 16 12 17 3682617
0 12 17 3471784
1 12 17 13 17 3471784
1 12 17 12 18 3471784
0 12 18 3430478
1 12 18 13 18 3430478
1 12 18 12 19 3430478
0 12 19 3277935
1 12 19 13 19 3277935
1 12 19 12 20 3283885
0 12 20 3283885
1 12 20 13 20 3283885
1 12 20 12 21 3283885
0 12 21 3116305
1 12 21 13 21 3116305
1 12 21 12 22 3116305
0 12 22 3017030
1 12 22 13 22 3029251
1 12 22 12 23 3184125
0 12 23 3184125
1 12 23 13 23 3184125
1 12 23 12 24 3184125
0 12 24 3069610
1 12 24 13 24 3069610
1 12 24 12 25 3104888
0 12 25 3104888
1 12 25 13 25 3104888
1 12 25 12 26 3104888
0 12 26 3076463
1 12 26 13 26 3076463
1 12 26 12 27 3076463
0 12 27 2971142
1 12 27 13 27 3042239
1 12 27 12 28 2971142
0 12 28 2919205
1 12 28 13 28 2998921
0 13 0 2995875
1 13 0 14 0 2995875
1 13 0 13 1 2995875
0 13 1 2985906
1 13 1 14 1 3094305
1 13 1 13 2 3013133
0 13 2 3013133
1 13 2 14 2 3074330
1 13 2 13 3 3013133
0 13 3 2980828
1 13 3 14 3 3220645
1 13 3 13 4 3124945
0 13 4 3124945
1 13 4 14 4 3215996
1 13 4 13 5 3124945
0 13 5 3046462
1 13 5 14 5 3127292
1 13 5 13 6 3123613
0 13 6 3123613
1 13 6 14 6 3123613
1 13 6 13 7 3123613
0 13 7 3002587
1 13 7 14 7 3060073
1 13 7 13 8 3002587
0 13 8 2911574
1 13 8 14 8 3111295
1 13 8 13 9 3010828
0 13 9 3010828
1 13 9 14 9 3023547
1 13 9 13 10 3082356
0 13 10 3082356
1 13 10 14 10 3133344
1 13 10 13 11 3082356
0 13 11 3011716
1 13 11 14 11 3039857
1 13 11 13 12 3011716
0 13 12 2987930
1 13 12 14 12 3033796
1 13 12 13 13 3101458
0 13 13 3101458
1 13 13 14 13 3335662
1 13 13 13 14 3101458
0 13 14 2994637
1 13 14 14 14 3331531
1 13 14 13 15 2994637
0 13 15 2836206
1 13 15 14 15 2951524
1 13 15 13 16 3558354
0 13 16 3558354
1 13 16 14 16 3667900
1 13 16 13 17 3558354
0 13 17 2804147
1 13 17 14 17 2934595
1 13 17 13 18 2804147
0 13 18 2417067
1 13 18 14 18 2476872
1 13 18 13 19 2417067
0 13 19 2273710
1 13 19 14 19 4519259
1 13 19 13 20 2731165
0 13 20 2731165
1 13 20 14 20 2767096
1 13 20 13 21 2951345
0 13 21 2951345
1 13 21 14 21 3136655
1 13 21 13 22 3029251
0 13 22 3029251
1 13 22 14 22 3029251
1 13 22 13 23 3106618
0 13 23 3106618
1 13 23 14 23 3106618
1 13 23 13 24 3106618
0 13 24 3067481
1 13 24 14 24 3202651
1 13 24 13 25 3067481
0 13 25 3051478
1 13 25 14 25 3119299
1 13 25 13 26 3059952
0 13 26 3059952
1 13 26 14 26 3059952
1 13 26 13 27 3059952
0 13 27 3042239
1 13 27 14 27 3042239
1 13 27 13 28 3042239
0 13 28 2998921
1 13 28 14 28 2998921
0 14 0 2994567
1 14 0 15 0 2994567
1 14 0 14 1 3094305
0 14 1 3094305
1 14 1 15 1 3094305
1 14 1 14 2 3094305
0 14 2 3074330
1 14 2 15 2 3074330
1 14 2 14 3 3220645
0 14 3 3220645
1 14 3 15 3 3220645
1 14 3 14 4 3220645
0 14 4 3215996
1 14 4 15 4 3330083
1 14 4 14 5 3215996
0 14 5 3127292
1 14 5 15 5 3127292
1 14 5 14 6 3127292
0 14 6 2972133
1 14 6 15 6 3001498
1 14 6 14 7 3060073
0 14 7 3060073
1 14 7 15 7 3069893
1 14 7 14 8 3111295
0 14 8 3111295
1 14 8 15 8 4041293
1 14 8 14 9 3111295
0 14 9 3023547
1 14 9 15 9 3023547
1 14 9 14 10 3133344
0 14 10 3133344
1 14 10 15 10 3133344
1 14 10 14 11 3133344
0 14 11 3039857
1 14 11 15 11 3039857
1 14 11 14 12 3039857
0 14 12 3033796
1 14 12 15 12 3158769
1 14 12 14 13 3335662
0 14 13 3335662
1 14 13 15 13 3335662
1 14 13 14 14 3335662
0 14 14 3331531
1 14 14 15 14 3331531
1 14 14 14 15 3331531
0 14 15 2951524
1 14 15 15 15 3125390
1 14 15 14 16 3667900
0 14 16 3667900
1 14 16 15 16 3667900
1 14 16 14 17 3667900
0 14 17 2934595
1 14 17 15 17 3335594
1 14 17 14 18 2934595
0 14 18 2476872
1 14 18 15 18 2476872
1 14 18 14 19 4519259
0 14 19 4519259
1 14 19 15 19 4519259
1 14 19 14 20 4519259
0 14 20 2767096
1 14 20 15 20 4611483
1 14 20 14 21 3136655
0 14 21 3136655
1 14 21 15 21 3136655
1 14 21 14 22 3136655
0 14 22 2682377
1 14 22 15 22 2873769
1 14 22 14 23 2909996
0 14 23 2909996
1 14 23 15 23 2909996
1 14 23 14 24 3202651
0 14 24 3202651
1 14 24 15 24 3202651
1 14 24 14 25 3202651
0 14 25 3119299
1 14 25 15 25 3119299
1 14 25 14 26 3119299
0 14 26 2946981
1 14 26 15 26 2972727
1 14 26 14 27 3003714
0 14 27 3003714
1 14 27 15 27 3003714
1 14 27 14 28 3003714
0 14 28 2995875
1 14 28 15 28 2995875
0 15 0 2971685
1 15 0 16 0 2985987
1 15 0 15 1 3025980
0 15 1 3025980
1 15 1 16 1 3025980
1 15 1 15 2 3025980
0 15 2 2981564
1 15 2 16 2 2981564
1 15 2 15 3 3024450
0 15 3 3024450
1 15 3 16 3 3024450
1 15 3 15 4 3330083
0 15 4 3330083
1 15 4 16 4 3330083
1 15 4 15 5 3330083
0 15 5 3008273
1 15 5 16 5 3008273
1 15 5 15 6 3008273
0 15 6 3001498
1 15 6 16 6 3001498
1 15 6 15 7 3069893
0 15 7 3069893
1 15 7 16 7 3069893
1 15 7 15 8 4041293
0 15 8 4041293
1 15 8 16 8 4041293
1 15 8 15 9 4041293
0 15 9 2721787
1 15 9 16 9 4510980
1 15 9 15 10 3081451
0 15 10 3081451
1 15 10 16 10 3081451
1 15 10 15 11 3081451
0 15 11 3010988
1 15 11 16 11 3482477
1 15 11 15 12 3158769
0 15 12 3158769
1 15 12 16 12 3617653
1 15 12 15 13 3158769
0 15 13 3069491
1 15 13 16 13 3105316
1 15 13 15 14 3069491
0 15 14 2832762
1 15 14 16 14 2907709
1 15 14 15 15 3125390
0 15 15 3125390
1 15 15 16 15 3125390
1 15 15 15 16 3125390
0 15 16 2530028
1 15 16 16 16 2530973
1 15 16 15 17 3335594
0 15 17 3335594
1 15 17 16 17 3335594
1 15 17 15 18 3335594
0 15 18 2383249
1 15 18 16 18 2592759
1 15 18 15 19 2383249
0 15 19 1852580
1 15 19 16 19 2984169
1 15 19 15 20 4611483
0 15 20 4611483
1 15 20 16 20 4611483
1 15 20 15 21 4611483
0 15 21 3026312
1 15 21 16 21 3026312
1 15 21 15 22 3026312
0 15 22 2873769
1 15 22 16 22 2927184
1 15 22 15 23 2873769
0 15 23 2690734
1 15 23 16 23 2750366
1 15 23 15 24 2690734
0 15 24 2492496
1 15 24 16 24 2800106
1 15 24 15 25 3065182
0 15 25 3065182
1 15 25 16 25 3065182
1 15 25 15 26 3065182
0 15 26 2972727
1 15 26 16 26 2995875
1 15 26 15 27 2995875
0 15 27 2995875
1 15 27 16 27 2995875
1 15 27 15 28 2995875
0 15 28 2995875
1 15 28 16 28 2995875
0 16 0 2985987
1 16 0 17 0 2985987
1 16 0 16 1 2985987
0 16 1 2961175
1 16 1 17 1 2961175
1 16 1 16 2 2961175
0 16 2 2921065
1 16 2 17 2 2921065
1 16 2 16 3 2921065
0 16 3 2510653
1 16 3 17 3 3291127
1 16 3 16 4 3259797
0 16 4 3259797
1 16 4 17 4 3460931
1 16 4 16 5 3259797
0 16 5 2652692
1 16 5 17 5 3232517
1 16 5 16 6 2956466
0 16 6 2956466
1 16 6 17 6 2956466
1 16 6 16 7 2956466
0 16 7 2864627
1 16 7 17 7 2864627
1 16 7 16 8 2864627
0 16 8 1000000
1 16 8 17 8 1889056
1 16 8 16 9 4510980
0 16 9 4510980
1 16 9 17 9 4510980
1 16 9 16 10 4510980
0 16 10 3068316
1 16 10 17 10 3068316
1 16 10 16 11 3482477
0 16 11 3482477
1 16 11 17 11 3812222
1 16 11 16 12 3617653
0 16 12 3617653
1 16 12 17 12 3617653
1 16 12 16 13 3617653
0 16 13 3105316
1 16 13 17 13 3212330
1 16 13 16 14 3105316
0 16 14 2907709
1 16 14 17 14 2907709
1 16 14 16 15 2910140
0 16 15 2910140
1 16 15 17 15 3187860
1 16 15 16 16 2910140
0 16 16 2530973
1 16 16 17 16 2977801
1 16 16 16 17 2530973
0 16 17 2106167
1 16 17 17 17 2884629
1 16 17 16 18 2592759
0 16 18 2592759
1 16 18 17 18 2975218
1 16 18 16 19 2984169
0 16 19 2984169
1 16 19 17 19 3046931
1 16 19 16 20 2984169
0 16 20 2927594
1 16 20 17 20 2927594
1 16 20 16 21 2974834
0 16 21 2974834
1 16 21 17 21 3030375
1 16 21 16 22 2974834
0 16 22 2927184
1 16 22 17 22 3033687
1 16 22 16 23 2927184
0 16 23 2750366
1 16 23 17 23 3180753
1 16 23 16 24 2800106
0 16 24 2800106
1 16 24 17 24 3028449
1 16 24 16 25 2932712
0 16 25 2932712
1 16 25 17 25 2995875
1 16 25 16 26 2995875
0 16 26 2995875
1 16 26 17 26 2995875
1 16 26 16 27 2995875
0 16 27 2995875
1 16 27 17 27 2995875
1 16 27 16 28 2995875
0 16 28 2995875
1 16 28 17 28 2995875
0 17 0 2886586
1 17 0 18 0 2886586
1 17 0 17 1 2886586
0 17 1 2829786
1 17 1 18 1 2829786
1 17 1 17 2 2899404
0 17 2 2899404
1 17 2 18 2 3143470
1 17 2 17 3 3291127
0 17 3 3291127
1 17 3 18 3 3291127
1 17 3 17 4 3460931
0 17 4 3460931
1 17 4 18 4 3460931
1 17 4 17 5 3460931
0 17 5 3232517
1 17 5 18 5 3232517
1 17 5 17 6 3232517
0 17 6 2939383
1 17 6 18 6 2956134
1 17 6 17 7 2939383
0 17 7 2757670
1 17 7 18 7 2757670
1 17 7 17 8 2757670
0 17 8 1889056
1 17 8 18 8 3479247
1 17 8 17 9 3764559
0 17 9 3764559
1 17 9 18 9 3764559
1 17 9 17 10 3764559
0 17 10 3053834
1 17 10 18 10 3100763
1 17 10 17 11 3812222
0 17 11 3812222
1 17 11 18 11 3812222
1 17 11 17 12 3812222
0 17 12 3384371
1 17 12 18 12 3384371
1 17 12 17 13 3384371
0 17 13 3212330
1 17 13 18 13 3212330
1 17 13 17 14 3212330
0 17 14 2737533
1 17 14 18 14 2859985
1 17 14 17 15 3187860
0 17 15 3187860
1 17 15 18 15 3187860
1 17 15 17 16 3187860
0 17 16 2977801
1 17 16 18 16 2977801
1 17 16 17 17 2977801
0 17 17 2884629
1 17 17 18 17 2884629
1 17 17 17 18 2975218
0 17 18 2975218
1 17 18 18 18 2984066
1 17 18 17 19 3046931
0 17 19 3046931
1 17 19 18 19 3046931
1 17 19 17 20 3046931
0 17 20 2753256
1 17 20 18 20 2948669
1 17 20 17 21 3030375
0 17 21 3030375
1 17 21 18 21 3045301
1 17 21 17 22 3033687
0 17 22 3033687
1 17 22 18 22 3033687
1 17 22 17 23 3180753
0 17 23 3180753
1 17 23 18 23 3180753
1 17 23 17 24 3180753
0 17 24 3028449
1 17 24 18 24 3028449
1 17 24 17 25 3028449
0 17 25 2995875
1 17 25 18 25 2995875
1 17 25 17 26 2995875
0 17 26 2995875
1 17 26 18 26 2995875
1 17 26 17 27 2995875
0 17 27 2995875
1 17 27 18 27 2995875
1 17 27 17 28 2995875
0 17 28 2995875
1 17 28 18 28 2995875
0 18 0 2682981
1 18 0 19 0 2981089
1 18 0 18 1 2789676
0 18 1 2789676
1 18 1 19 1 3073678
1 18 1 18 2 3143470
0 18 2 3143470
1 18 2 19 2 3143470
1 18 2 18 3 3194137
0 18 3 3194137
1 18 3 19 3 3194137
1 18 3 18 4 3196511
0 18 4 3196511
1 18 4 19 4 3196511
1 18 4 18 5 3196511
0 18 5 3180315
1 18 5 19 5 3180315
1 18 5 18 6 3180315
0 18 6 2956134
1 18 6 19 6 2956134
1 18 6 18 7 2956134
0 18 7 2591252
1 18 7 19 7 2716829
1 18 7 18 8 3479247
0 18 8 3479247
1 18 8 19 8 3676012
1 18 8 18 9 3479247
0 18 9 2688538
1 18 9 19 9 3121222
1 18 9 18 10 3100763
0 18 10 3100763
1 18 10 19 10 3248555
1 18 10 18 11 3261948
0 18 11 3261948
1 18 11 19 11 3261948
1 18 11 18 12 3261948
0 18 12 3079915
1 18 12 19 12 3079915
1 18 12 18 13 3079915
0 18 13 3030685
1 18 13 19 13 3030685
1 18 13 18 14 3030685
0 18 14 2859985
1 18 14 19 14 3002240
1 18 14 18 15 2859985
0 18 15 2848714
1 18 15 19 15 3041948
1 18 15 18 16 2848714
0 18 16 2697398
1 18 16 19 16 2976102
1 18 16 18 17 2730951
0 18 17 2730951
1 18 17 19 17 2953081
1 18 17 18 18 2984066
0 18 18 2984066
1 18 18 19 18 3019499
1 18 18 18 19 3023263
0 18 19 3023263
1 18 19 19 19 3023263
1 18 19 18 20 3023263
0 18 20 2948669
1 18 20 19 20 2948669
1 18 20 18 21 3045301
0 18 21 3045301
1 18 21 19 21 3045301
1 18 21 18 22 3045301
0 18 22 2854979
1 18 22 19 22 3014911
1 18 22 18 23 2970101
0 18 23 2970101
1 18 23 19 23 2970101
1 18 23 18 24 3002527
0 18 24 3002527
1 18 24 19 24 3002527
1 18 24 18 25 3002527
0 18 25 2995875
1 18 25 19 25 2995875
1 18 25 18 26 2995875
0 18 26 2995875
1 18 26 19 26 2995875
1 18 26 18 27 2995875
0 18 27 2995875
1 18 27 19 27 2995875
1 18 27 18 28 2995875
0 18 28 2995875
1 18 28 19 28 2995875
0 19 0 2981089
1 19 0 20 0 2995875
1 19 0 19 1 3073678
0 19 1 3073678
1 19 1 20 1 3073678
1 19 1 19 2 3073678
0 19 2 2991362
1 19 2 20 2 2991362
1 19 2 19 3 3024709
0 19 3 3024709
1 19 3 20 3 3024709
1 19 3 19 4 3024709
0 19 4 3007586
1 19 4 20 4 3103810
1 19 4 19 5 3007586
0 19 5 2865681
1 19 5 20 5 2865681
1 19 5 19 6 2865681
0 19 6 2745696
1 19 6 20 6 2941105
1 19 6 19 7 2745696
0 19 7 2716829
1 19 7 20 7 3071769
1 19 7 19 8 3676012
0 19 8 3676012
1 19 8 20 8 3676012
1 19 8 19 9 3676012
0 19 9 3121222
1 19 9 20 9 3121222
1 19 9 19 10 3248555
0 19 10 3248555
1 19 10 20 10 3248555
1 19 10 19 11 3248555
0 19 11 3076885
1 19 11 20 11 3076885
1 19 11 19 12 3076885
0 19 12 3019804
1 19 12 20 12 3019804
1 19 12 19 13 3019804
0 19 13 3010351
1 19 13 20 13 3010351
1 19 13 19 14 3010351
0 19 14 3002240
1 19 14 20 14 3080006
1 19 14 19 15 3041948
0 19 15 3041948
1 19 15 20 15 3119888
1 19 15 19 16 3041948
0 19 16 2976102
1 19 16 20 16 3163872
1 19 16 19 17 2976102
0 19 17 2953081
1 19 17 20 17 2957617
1 19 17 19 18 3019499
0 19 18 3019499
1 19 18 20 18 3019499
1 19 18 19 19 3019499
0 19 19 2979824
1 19 19 20 19 2979824
1 19 19 19 20 2979824
0 19 20 2898156
1 19 20 20 20 2898156
1 19 20 19 21 3025035
0 19 21 3025035
1 19 21 20 21 3057591
1 19 21 19 22 3025035
0 19 22 3014911
1 19 22 20 22 3014911
1 19 22 19 23 3014911
0 19 23 2962491
1 19 23 20 23 2962491
1 19 23 19 24 2995875
0 19 24 2995875
1 19 24 20 24 2995875
1 19 24 19 25 2995875
0 19 25 2995875
1 19 25 20 25 2995875
1 19 25 19 26 2995875
0 19 26 2995875
1 19 26 20 26 2995875
1 19 26 19 27 2995875
0 19 27 2995875
1 19 27 20 27 2995875
1 19 27 19 28 2995875
0 19 28 2995875
1 19 28 20 28 2995875
0 20 0 2995875
1 20 0 21 0 2995875
1 20 0 20 1 2995875
0 20 1 2973694
1 20 1 21 1 2999521
1 20 1 20 2 2973694
0 20 2 2680754
1 20 2 21 2 2876914
1 20 2 20 3 2976856
0 20 3 2976856
1 20 3 21 3 2976856
1 20 3 20 4 3103810
0 20 4 3103810
1 20 4 21 4 3178005
1 20 4 20 5 3103810
0 20 5 2842830
1 20 5 21 5 2842830
1 20 5 20 6 2941105
0 20 6 2941105
1 20 6 21 6 2941105
1 20 6 20 7 3071769
0 20 7 3071769
1 20 7 21 7 3071769
1 20 7 20 8 3071769
0 20 8 2976497
1 20 8 21 8 2976497
1 20 8 20 9 3012406
0 20 9 3012406
1 20 9 21 9 3639527
1 20 9 20 10 3012406
0 20 10 3001646
1 20 10 21 10 3001646
1 20 10 20 11 3001646
0 20 11 2961098
1 20 11 21 11 2961098
1 20 11 20 12 2961098
0 20 12 2928253
1 20 12 21 12 2932431
1 20 12 20 13 2928253
0 20 13 2780966
1 20 13 21 13 2981651
1 20 13 20 14 3080006
0 20 14 3080006
1 20 14 21 14 3080006
1 20 14 20 15 3119888
0 20 15 3119888
1 20 15 21 15 3119888
1 20 15 20 16 3163872
0 20 16 3163872
1 20 16 21 16 3163872
1 20 16 20 17 3163872
0 20 17 2957617
1 20 17 21 17 2966841
1 20 17 20 18 2957617
0 20 18 2925584
1 20 18 21 18 2963040
1 20 18 20 19 2925584
0 20 19 2804554
1 20 19 21 19 2836214
1 20 19 20 20 2804554
0 20 20 2657608
1 20 20 21 20 2920743
1 20 20 20 21 3057591
0 20 21 3057591
1 20 21 21 21 3057591
1 20 21 20 22 3057591
0 20 22 2990950
1 20 22 21 22 3027586
1 20 22 20 23 2990950
0 20 23 2929783
1 20 23 21 23 3029168
1 20 23 20 24 2995875
0 20 24 2995875
1 20 24 21 24 2995875
1 20 24 20 25 2995875
0 20 25 2995875
1 20 25 21 25 2995875
1 20 25 20 26 2995875
0 20 26 2995875
1 20 26 21 26 2995875
1 20 26 20 27 2995875
0 20 27 2995875
1 20 27 21 27 2995875
1 20 27 20 28 2995875
0 20 28 2995875
1 20 28 21 28 2995875
0 21 0 2995875
1 21 0 22 0 2995875
1 21 0 21 1 2999521
0 21 1 2999521
1 21 1 22 1 2999521
1 21 1 21 2 2999521
0 21 2 2876914
1 21 2 22 2 2997670
1 21 2 21 3 2876914
0 21 3 2809956
1 21 3 22 3 2978514
1 21 3 21 4 3178005
0 21 4 3178005
1 21 4 22 4 3242667
1 21 4 21 5 3178005
0 21 5 2648552
1 21 5 22 5 3121746
1 21 5 21 6 2767839
0 21 6 2767839
1 21 6 22 6 2961016
1 21 6 21 7 2767839
0 21 7 2722543
1 21 7 22 7 2722543
1 21 7 21 8 2740848
0 21 8 2740848
1 21 8 22 8 3457716
1 21 8 21 9 3639527
0 21 9 3639527
1 21 9 22 9 3639527
1 21 9 21 10 3639527
0 21 10 2744196
1 21 10 22 10 2765732
1 21 10 21 11 2807431
0 21 11 2807431
1 21 11 22 11 2918781
1 21 11 21 12 2932431
0 21 12 2932431
1 21 12 22 12 2932431
1 21 12 21 13 2981651
0 21 13 2981651
1 21 13 22 13 3051651
1 21 13 21 14 2981651
0 21 14 2907023
1 21 14 22 14 3194378
1 21 14 21 15 2907023
0 21 15 2662162
1 21 15 22 15 3054298
1 21 15 21 16 2979528
0 21 16 2979528
1 21 16 22 16 2979528
1 21 16 21 17 2979528
0 21 17 2966841
1 21 17 22 17 3019203
1 21 17 21 18 2966841
0 21 18 2963040
1 21 18 22 18 2963040
1 21 18 21 19 2963040
0 21 19 2836214
1 21 19 22 19 2836214
1 21 19 21 20 2920743
0 21 20 2920743
1 21 20 22 20 3009742
1 21 20 21 21 2947909
0 21 21 2947909
1 21 21 22 21 2947909
1 21 21 21 22 3027586
0 21 22 3027586
1 21 22 22 22 3027586
1 21 22 21 23 3029168
0 21 23 3029168
1 21 23 22 23 3029168
1 21 23 21 24 3029168
0 21 24 2995875
1 21 24 22 24 2995875
1 21 24 21 25 2995875
0 21 25 2995875
1 21 25 22 25 2995875
1 21 25 21 26 2995875
0 21 26 2995875
1 21 26 22 26 2995875
1 21 26 21 27 2995875
0 21 27 2995875
1 21 27 22 27 2995875
1 21 27 21 28 2995875
0 21 28 2995875
1 21 28 22 28 2995875
0 22 0 2995875
1 22 0 23 0 2995875
1 22 0 22 1 2995875
0 22 1 2995875
1 22 1 23 1 2995875
1 22 1 22 2 2997670
0 22 2 2997670
1 22 2 23 2 2997670
1 22 2 22 3 2997670
0 22 3 2978514
1 22 3 23 3 2995875
1 22 3 22 4 3242667
0 22 4 3242667
1 22 4 23 4 3242667
1 22 4 22 5 3242667
0 22 5 3121746
1 22 5 23 5 3397282
1 22 5 22 6 3121746
0 22 6 2961016
1 22 6 23 6 2961016
1 22 6 22 7 2961016
0 22 7 2262395
1 22 7 23 7 3073558
1 22 7 22 8 3457716
0 22 8 3457716
1 22 8 23 8 3757711
1 22 8 22 9 3457716
0 22 9 2079405
1 22 9 23 9 3475160
1 22 9 22 10 2765732
0 22 10 2765732
1 22 10 23 10 2949689
1 22 10 22 11 2918781
0 22 11 2918781
1 22 11 23 11 2918781
1 22 11 22 12 2918987
0 22 12 2918987
1 22 12 23 12 2918987
1 22 12 22 13 3051651
0 22 13 3051651
1 22 13 23 13 3051651
1 22 13 22 14 3194378
0 22 14 3194378
1 22 14 23 14 3194378
1 22 14 22 15 3194378
0 22 15 3054298
1 22 15 23 15 3054298
1 22 15 22 16 3054298
0 22 16 2934837
1 22 16 23 16 2970883
1 22 16 22 17 3019203
0 22 17 3019203
1 22 17 23 17 3019203
1 22 17 22 18 3019203
0 22 18 2951861
1 22 18 23 18 2951861
1 22 18 22 19 2951861
0 22 19 2807486
1 22 19 23 19 2983807
1 22 19 22 20 3009742
0 22 20 3009742
1 22 20 23 20 3019469
1 22 20 22 21 3009742
0 22 21 2915279
1 22 21 23 21 3021515
1 22 21 22 22 2917119
0 22 22 2917119
1 22 22 23 22 3006712
1 22 22 22 23 3004827
0 22 23 3004827
1 22 23 23 23 3004827
1 22 23 22 24 3004827
0 22 24 2995875
1 22 24 23 24 2995875
1 22 24 22 25 2995875
0 22 25 2995875
1 22 25 23 25 2995875
1 22 25 22 26 2995875
0 22 26 2995875
1 22 26 23 26 2995875
1 22 26 22 27 2995875
0 22 27 2995875
1 22 27 23 27 2995875
1 22 27 22 28 2995875
0 22 28 2995875
1 22 28 23 28 2995875
0 23 0 2995875
1 23 0 24 0 2995875
1 23 0 23 1 2995875
0 23 1 2995875
1 23 1 24 1 2995875
1 23 1 23 2 2995875
0 23 2 2995875
1 23 2 24 2 2995875
1 23 2 23 3 2995875
0 23 3 2995875
1 23 3 24 3 2995875
1 23 3 23 4 3041553
0 23 4 3041553
1 23 4 24 4 3041553
1 23 4 23 5 3397282
0 23 5 3397282
1 23 5 24 5 3397282
1 23 5 23 6 3397282
0 23 6 2862346
1 23 6 24 6 3053729
1 23 6 23 7 3073558
0 23 7 3073558
1 23 7 24 7 3073558
1 23 7 23 8 3757711
0 23 8 3757711
1 23 8 24 8 3757711
1 23 8 23 9 3757711
0 23 9 3475160
1 23 9 24 9 3475160
1 23 9 23 10 3475160
0 23 10 2949689
1 23 10 24 10 2949689
1 23 10 23 11 2949689
0 23 11 2911254
1 23 11 24 11 3007736
1 23 11 23 12 2911254
0 23 12 2829848
1 23 12 24 12 2981355
1 23 12 23 13 3007758
0 23 13 3007758
1 23 13 24 13 3007758
1 23 13 23 14 3020083
0 23 14 3020083
1 23 14 24 14 3080413
1 23 14 23 15 3020083
0 23 15 2977060
1 23 15 24 15 2999471
1 23 15 23 16 2977060
0 23 16 2970883
1 23 16 24 16 2984471
1 23 16 23 17 2970883
0 23 17 2959287
1 23 17 24 17 2959287
1 23 17 23 18 2959287
0 23 18 2810281
1 23 18 24 18 2810281
1 23 18 23 19 2983807
0 23 19 2983807
1 23 19 24 19 2989025
1 23 19 23 20 3019469
0 23 20 3019469
1 23 20 24 20 3019469
1 23 20 23 21 3021515
0 23 21 3021515
1 23 21 24 21 3021515
1 23 21 23 22 3021515
0 23 22 3006712
1 23 22 24 22 3006712
1 23 22 23 23 3006712
0 23 23 2995875
1 23 23 24 23 2995875
1 23 23 23 24 2995875
0 23 24 2995875
1 23 24 24 24 2995875
1 23 24 23 25 2995875
0 23 25 2995875
1 23 25 24 25 2995875
1 23 25 23 26 2995875
0 23 26 2995875
1 23 26 24 26 2995875
1 23 26 23 27 2995875
0 23 27 2995875
1 23 27 24 27 2995875
1 23 27 23 28 2995875
0 23 28 2995875
1 23 28 24 28 2995875
0 24 0 2995875
1 24 0 25 0 2995875
1 24 0 24 1 2995875
0 24 1 2995875
1 24 1 25 1 2995875
1 24 1 24 2 2995875
0 24 2 2995875
1 24 2 25 2 2995875
1 24 2 24 3 2995875
0 24 3 2995875
1 24 3 25 3 2995875
1 24 3 24 4 3004315
0 24 4 3004315
1 24 4 25 4 3004315
1 24 4 24 5 3008995
0 24 5 3008995
1 24 5 25 5 3008995
1 24 5 24 6 3053729
0 24 6 3053729
1 24 6 25 6 3053729
1 24 6 24 7 3053729
0 24 7 2695597
1 24 7 25 7 3035801
1 24 7 24 8 2695597
0 24 8 2555434
1 24 8 25 8 2981911
1 24 8 24 9 2867844
0 24 9 2867844
1 24 9 25 9 2964317
1 24 9 24 10 2943158
0 24 10 2943158
1 24 10 25 10 3004301
1 24 10 24 11 3007736
0 24 11 3007736
1 24 11 25 11 3007736
1 24 11 24 12 3007736
0 24 12 2981355
1 24 12 25 12 2995875
1 24 12 24 13 2996074
0 24 13 2996074
1 24 13 25 13 3038340
1 24 13 24 14 3080413
0 24 14 3080413
1 24 14 25 14 3080413
1 24 14 24 15 3080413
0 24 15 2999471
1 24 15 25 15 3036979
1 24 15 24 16 2999471
0 24 16 2984471
1 24 16 25 16 2995875
1 24 16 24 17 2984471
0 24 17 2935008
1 24 17 25 17 3008776
1 24 17 24 18 2935008
0 24 18 2780046
1 24 18 25 18 2989436
1 24 18 24 19 2989025
0 24 19 2989025
1 24 19 25 19 2995190
1 24 19 24 20 2995875
0 24 20 2995875
1 24 20 25 20 2995875
1 24 20 24 21 2995875
0 24 21 2995875
1 24 21 25 21 2995875
1 24 21 24 22 2995875
0 24 22 2995875
1 24 22 25 22 2995875
1 24 22 24 23 2995875
0 24 23 2995875
1 24 23 25 23 2995875
1 24 23 24 24 2995875
0 24 24 2995875
1 24 24 25 24 2995875
1 24 24 24 25 2995875
0 24 25 2995875
1 24 25 25 25 2995875
1 24 25 24 26 2995875
0 24 26 2995875
1 24 26 25 26 2995875
1 24 26 24 27 2995875
0 24 27 2995875
1 24 27 25 27 2995875
1 24 27 24 28 2995875
0 24 28 2995875
1 24 28 25 28 2995875
0 25 0 2995875
1 25 0 25 1 2995875
0 25 1 2995875
1 25 1 25 2 2995875
0 25 2 2995875
1 25 2 25 3 2995875
0 25 3 2995875
1 25 3 25 4 2995875
0 25 4 2995875
1 25 4 25 5 3001245
0 25 5 3001245
1 25 5 25 6 3001245
0 25 6 2945188
1 25 6 25 7 3035801
0 25 7 3035801
1 25 7 25 8 3035801
0 25 8 2981911
1 25 8 25 9 2981911
0 25 9 2964317
1 25 9 25 10 3004301
0 25 10 3004301
1 25 10 25 11 3004301
0 25 11 2995875
1 25 11 25 12 2995875
0 25 12 2995875
1 25 12 25 13 3038340
0 25 13 3038340
1 25 13 25 14 3038340
0 25 14 2997599
1 25 14 25 15 3036979
0 25 15 3036979
1 25 15 25 16 3036979
0 25 16 2995875
1 25 16 25 17 3008776
0 25 17 3008776
1 25 17 25 18 3008776
0 25 18 2989436
1 25 18 25 19 2995190
0 25 19 2995190
1 25 19 25 20 2995875
0 25 20 2995875
1 25 20 25 21 2995875
0 25 21 2995875
1 25 21 25 22 2995875
0 25 22 2995875
1 25 22 25 23 2995875
0 25 23 2995875
1 25 23 25 24 2995875
0 25 24 2995875
1 25 24 25 25 2995875
0 25 25 2995875
1 25 25 25 26 2995875
0 25 26 2995875
1 25 26 25 27 2995875
0 25 27 2995875
1 25 27 25 28 2995875
0 25 28 2995875
