27380 -1
28001 -1
28646 -1
28656 -1
28865 -1
28873 -1
29011 -1
29072 -1
29099 -1
29101 -1
29114 -1
29179 -1
29183 -1
29187 -1
29189 -1
29207 -1
29271 -1
29298 -1
29324 -1
29345 -1
29348 -1
29411 -1
29411 -1
29435 -1
29451 -1
29453 -1
29496 -1
29552 -1
29561 -1
29561 -1
29564 -1
29592 -1
29610 -1
29610 -1
29611 -1
29630 -1
29630 -1
29668 -1
29711 -1
29752 -1
29761 -1
29763 -1
29768 -1
29778 -1
29778 -1
29791 -1
29793 -1
29795 -1
29798 -1
29814 -1
29814 -1
29816 -1
29819 -1
29838 -1
29840 -1
29841 -1
29841 -1
29844 -1
29858 -1
29859 -1
29884 -1
29890 -1
29896 -1
29911 -1
29911 -1
29914 -1
29914 -1
29936 -1
29948 -1
29951 -1
29958 -1
29958 -1
29958 -1
29958 -1
29958 -1
29958 -1
29958 -1
29958 -1
29958 -1
29958 -1
29958 -1
29958 -1
29958 -1
29958 -1
29958 -1
29958 -1
29958 -1
29958 -1
29958 -1
29958 -1
29958 -1
29958 -1
29958 -1
29958 -1
29958 -1
29958 -1
29958 -1
29958 -1
29958 -1
29958 -1
29958 -1
29958 -1
29958 -1
29958 -1
29958 -1
29958 -1
29958 -1
29958 -1
29958 -1
29958 -1
29958 -1
29958 -1
29958 -1
29958 -1
29958 -1
29958 -1
29958 -1
29958 -1
29958 -1
29958 -1
29958 -1
29958 -1
29958 -1
29958 -1
29958 -1
29958 -1
29958 -1
29958 -1
29958 -1
29958 -1
29958 -1
29958 -1
29958 -1
29958 -1
29958 -1
29958 -1
29958 -1
29958 -1
29958 -1
29958 -1
29958 -1
29958 -1
29958 -1
29958 -1
29958 -1
29958 -1
29958 -1
29958 -1
29958 -1
29958 -1
29958 -1
29958 -1
29958 -1
29958 -1
29958 -1
29958 -1
29958 -1
29958 -1
29958 -1
29958 -1
29958 -1
29958 -1
29958 -1
29958 -1
29958 -1
29958 -1
29958 -1
29958 -1
29958 -1
29958 -1
29958 -1
29958 -1
29958 -1
29958 -1
29958 -1
29958 -1
29958 -1
29958 -1
29958 -1
29958 -1
29958 -1
29958 -1
29958 -1
29958 -1
29976 -1
29976 -1
29976 -1
29976 -1
29976 -1
29978 -1
29978 -1
29994 -1
29995 -1
29995 -1
29995 -1
29997 -1
29997 -1
30011 -1
30011 -1
30016 -1
30018 -1
30018 -1
30025 -1
30025 -1
30025 -1
30027 -1
30037 -1
30037 -1
30043 -1
30043 -1
30043 -1
30048 -1
30048 -1
30051 -1
30051 -1
30051 -1
30067 -1
30067 -1
30077 -1
30077 -1
30077 -1
30077 -1
30082 -1
30087 -1
30087 -1
30089 -1
30091 -1
30097 -1
30097 -1
30103 -1
30108 -1
30110 -1
30110 -1
30113 -1
30113 -1
30113 -1
30117 -1
30131 -1
30131 -1
30132 -1
30132 -1
30142 -1
30142 -1
30148 -1
30148 -1
30149 -1
30149 -1
30156 -1
30165 -1
30165 -1
30165 -1
30185 -1
30185 -1
30189 -1
30192 -1
30192 -1
30192 -1
30194 -1
30194 -1
30194 -1
30194 -1
30194 -1
30198 -1
30200 -1
30209 -1
30209 -1
30215 -1
30215 -1
30215 -1
30223 -1
30223 -1
30232 -1
30232 -1
30234 -1
30237 -1
30237 -1
30237 -1
30244 -1
30247 -1
30247 -1
30250 -1
30250 -1
30250 -1
30259 -1
30259 -1
30263 -1
30274 -1
30275 -1
30275 -1
30278 -1
30281 -1
30284 -1
30284 -1
30288 -1
30288 -1
30290 -1
30290 -1
30291 -1
30291 -1
30291 -1
30292 -1
30303 -1
30306 -1
30314 -1
30314 -1
30316 -1
30316 -1
30336 -1
30336 -1
30342 -1
30343 -1
30343 -1
30343 -1
30343 -1
30343 -1
30358 -1
30358 -1
30358 -1
30358 -1
30358 -1
30359 -1
30359 -1
30369 -1
30372 -1
30372 -1
30376 -1
30376 -1
30383 -1
30383 -1
30391 -1
30398 -1
30415 -1
30419 -1
30419 -1
30422 -1
30422 -1
30430 -1
30430 -1
30430 -1
30430 -1
30430 -1
30430 -1
30439 -1
30439 -1
30439 -1
30453 -1
30453 -1
30453 -1
30469 -1
30469 -1
30469 -1
30481 -1
30481 -1
30501 -1
30516 -1
30516 -1
30537 -1
30537 -1
30537 -1
30542 -1
30542 -1
30566 -1
30575 -1
30575 -1
30575 -1
30585 -1
30585 -1
30597 -1
30599 -1
30600 -1
30603 -1
30603 -1
30632 -1
30632 -1
30651 -1
30651 -1
30653 -1
30653 -1
30655 -1
30655 -1
30655 -1
30696 -1
30698 -1
30698 -1
30703 -1
30706 -1
30706 -1
30717 -1
30717 -1
30717 -1
30735 -1
30735 -1
30736 -1
30736 -1
30736 -1
30743 -1
30746 -1
30746 -1
30757 -1
30757 -1
30764 -1
30764 -1
30768 -1
30777 -1
30785 -1
30799 -1
30800 -1
30800 -1
30804 -1
30804 -1
30804 -1
30814 -1
30814 -1
30823 -1
30823 -1
30880 -1
30880 -1
30880 -1
30881 -1
30881 -1
30886 -1
30886 -1
30943 -1
30943 -1
30943 -1
30978 -1
30978 -1
31014 -1
31014 -1
31014 -1
31014 -1
31034 -1
31038 -1
31038 -1
31048 -1
31048 -1
31048 -1
31053 -1
31056 -1
31066 -1
31066 -1
31101 -1
31101 -1
31108 -1
31108 -1
31112 -1
31112 -1
31144 -1
31163 -1
31163 -1
31192 -1
31192 -1
31198 -1
31198 -1
31212 -1
31217 -1
31236 -1
31249 -1
31249 -1
31253 -1
31253 -1
31253 -1
31272 -1
31272 -1
31274 -1
31274 -1
31300 -1
31300 -1
31300 -1
31333 -1
31333 -1
31333 -1
31363 -1
31366 -1
31366 -1
31366 -1
31434 -1
31434 -1
31496 -1
31496 -1
31497 -1
31497 -1
31497 -1
31587 -1
31587 -1
31611 -1
31615 -1
31615 -1
31626 -1
31626 -1
31626 -1
31638 -1
31638 -1
31638 -1
31644 -1
31691 -1
31691 -1
31742 -1
31742 -1
31780 -1
31780 -1
31803 -1
31807 -1
31807 -1
31807 -1
31841 -1
31841 -1
31855 -1
31855 -1
31878 -1
31878 -1
31878 -1
31894 -1
31894 -1
31941 -1
31943 -1
31943 -1
31943 -1
31965 -1
31965 -1
32026 -1
32026 -1
32026 -1
32123 -1
32123 -1
32139 -1
32139 -1
32139 -1
32159 -1
32194 -1
32194 -1
32206 -1
32206 -1
32206 -1
32325 -1
32325 -1
32426 -1
32426 -1
32426 -1
32485 -1
32485 -1
32485 -1
32490 -1
32490 -1
32508 -1
32508 -1
32597 -1
32619 -1
32619 -1
32643 -1
32643 -1
32688 -1
32739 -1
32739 -1
32739 -1
32779 -1
32830 -1
32830 -1
32838 -1
32838 -1
32838 -1
32880 -1
32880 -1
32911 -1
32911 -1
33053 -1
33053 -1
33205 -1
33300 -1
33300 -1
33300 -1
33315 -1
33315 -1
33328 -1
33328 -1
33355 -1
33355 -1
33355 -1
33356 -1
33356 -1
33356 -1
33480 -1
33480 -1
33480 -1
33620 -1
33620 -1
33620 -1
33774 -1
33774 -1
33774 -1
33843 -1
33947 -1
33947 -1
33972 -1
33972 -1
33972 -1
33973 -1
33973 -1
33973 -1
33991 -1
33991 -1
33991 -1
34101 -1
34101 -1
34101 -1
34177 -1
34177 -1
34177 -1
34187 -1
34187 -1
34187 -1
34304 -1
34304 -1
34577 -1
34577 -1
34580 -1
34580 -1
34580 -1
34609 -1
34609 -1
34609 -1
34617 -1
34617 -1
34617 -1
34717 -1
34717 -1
34751 -1
34751 -1
34792 -1
34792 -1
34824 -1
34988 -1
34988 -1
34988 -1
35583 -1
35927 -1
35927 -1
35927 -1
36176 -1
36176 -1
36176 -1
36395 -1
36395 -1
36395 -1
36559 -1
36559 -1
36559 -1
36679 -1
36679 -1
36679 -1
36760 -1
36760 -1
36760 -1
36775 -1
36775 -1
36775 -1
36826 -1
36826 -1
36826 -1
36923 -1
36923 -1
36923 -1
37577 -1
37577 -1
37577 -1
37645 -1
37645 -1
37771 -1
37771 -1
37771 -1
38122 -1
38122 -1
38122 -1
38484 -1
38484 -1
38484 -1
39112 -1
39112 -1
39112 -1
39384 -1
39384 -1
39384 -1
40412 -1
40412 -1
40412 -1
43658 -1
43658 -1
43658 -1
45109 -1
45109 -1
45109 -1
45192 -1
45192 -1
45192 -1
46114 -1
46114 -1
46114 -1
56105 -1
56105 -1
56105 -1
