2738041 -1
2800106 -1
2864627 -1
2865606 -1
2886586 -1
2887387 -1
2901139 -1
2907249 -1
2909996 -1
2910140 -1
2911436 -1
2917969 -1
2918378 -1
2918781 -1
2918987 -1
2920743 -1
2927184 -1
2929809 -1
2932431 -1
2934595 -1
2934836 -1
2941105 -1
2941105 -1
2943510 -1
2945111 -1
2945361 -1
2949689 -1
2955203 -1
2956134 -1
2956134 -1
2956466 -1
2959287 -1
2961016 -1
2961098 -1
2961175 -1
2963040 -1
2963040 -1
2966841 -1
2971142 -1
2975218 -1
2976102 -1
2976355 -1
2976856 -1
2977801 -1
2977801 -1
2979128 -1
2979381 -1
2979528 -1
2979824 -1
2981472 -1
2981472 -1
2981651 -1
2981911 -1
2983807 -1
2984066 -1
2984169 -1
2984169 -1
2984471 -1
2985859 -1
2985987 -1
2988496 -1
2989025 -1
2989631 -1
2991111 -1
2991177 -1
2991440 -1
2991440 -1
2993638 -1
2994837 -1
2995190 -1
2995875 -1
2995875 -1
2995875 -1
2995875 -1
2995875 -1
2995875 -1
2995875 -1
2995875 -1
2995875 -1
2995875 -1
2995875 -1
2995875 -1
2995875 -1
2995875 -1
2995875 -1
2995875 -1
2995875 -1
2995875 -1
2995875 -1
2995875 -1
2995875 -1
2995875 -1
2995875 -1
2995875 -1
2995875 -1
2995875 -1
2995875 -1
2995875 -1
2995875 -1
2995875 -1
2995875 -1
2995875 -1
2995875 -1
2995875 -1
2995875 -1
2995875 -1
2995875 -1
2995875 -1
2995875 -1
2995875 -1
2995875 -1
2995875 -1
2995875 -1
2995875 -1
2995875 -1
2995875 -1
2995875 -1
2995875 -1
2995875 -1
2995875 -1
2995875 -1
2995875 -1
2995875 -1
2995875 -1
2995875 -1
2995875 -1
2995875 -1
2995875 -1
2995875 -1
2995875 -1
2995875 -1
2995875 -1
2995875 -1
2995875 -1
2995875 -1
2995875 -1
2995875 -1
2995875 -1
2995875 -1
2995875 -1
2995875 -1
2995875 -1
2995875 -1
2995875 -1
2995875 -1
2995875 -1
2995875 -1
2995875 -1
2995875 -1
2995875 -1
2995875 -1
2995875 -1
2995875 -1
2995875 -1
2995875 -1
2995875 -1
2995875 -1
2995875 -1
2995875 -1
2995875 -1
2995875 -1
2995875 -1
2995875 -1
2995875 -1
2995875 -1
2995875 -1
2995875 -1
2995875 -1
2995875 -1
2995875 -1
2995875 -1
2995875 -1
2995875 -1
2995875 -1
2995875 -1
2995875 -1
2995875 -1
2995875 -1
2995875 -1
2995875 -1
2995875 -1
2995875 -1
2995875 -1
2995875 -1
2997670 -1
2997670 -1
2997670 -1
2997675 -1
2997675 -1
2997839 -1
2997839 -1
2999471 -1
2999521 -1
2999521 -1
2999521 -1
2999788 -1
2999788 -1
3001136 -1
3001136 -1
3001646 -1
3001830 -1
3001830 -1
3002527 -1
3002527 -1
3002587 -1
3002709 -1
3003714 -1
3003714 -1
3004301 -1
3004301 -1
3004315 -1
3004827 -1
3004827 -1
3005107 -1
3005107 -1
3005107 -1
3006712 -1
3006712 -1
3007736 -1
3007736 -1
3007736 -1
3007758 -1
3008273 -1
3008776 -1
3008776 -1
3008995 -1
3009110 -1
3009742 -1
3009742 -1
3010351 -1
3010828 -1
3011082 -1
3011082 -1
3011352 -1
3011352 -1
3011352 -1
3011716 -1
3013133 -1
3013133 -1
3013285 -1
3013285 -1
3014252 -1
3014252 -1
3014869 -1
3014869 -1
3014911 -1
3014911 -1
3015639 -1
3016582 -1
3016582 -1
3016582 -1
3018571 -1
3018571 -1
3018970 -1
3019203 -1
3019203 -1
3019203 -1
3019469 -1
3019469 -1
3019499 -1
3019499 -1
3019499 -1
3019804 -1
3020083 -1
3020995 -1
3020995 -1
3021515 -1
3021515 -1
3021515 -1
3022371 -1
3022371 -1
3023263 -1
3023263 -1
3023456 -1
3023756 -1
3023756 -1
3023756 -1
3024450 -1
3024709 -1
3024709 -1
3025018 -1
3025018 -1
3025035 -1
3025980 -1
3025980 -1
3026312 -1
3027447 -1
3027586 -1
3027586 -1
3027865 -1
3028159 -1
3028449 -1
3028449 -1
3028815 -1
3028815 -1
3029041 -1
3029041 -1
3029168 -1
3029168 -1
3029168 -1
3029251 -1
3030375 -1
3030685 -1
3031476 -1
3031476 -1
3031657 -1
3031657 -1
3033687 -1
3033687 -1
3034259 -1
3034375 -1
3034375 -1
3034375 -1
3034381 -1
3034381 -1
3035801 -1
3035801 -1
3035887 -1
3035887 -1
3035887 -1
3035921 -1
3035921 -1
3036979 -1
3037285 -1
3037285 -1
3037697 -1
3037697 -1
3038340 -1
3038340 -1
3039158 -1
3039857 -1
3041553 -1
3041948 -1
3041948 -1
3042239 -1
3042239 -1
3043038 -1
3043038 -1
3043038 -1
3043064 -1
3043064 -1
3043064 -1
3043910 -1
3043910 -1
3043910 -1
3045301 -1
3045301 -1
3045301 -1
3046931 -1
3046931 -1
3046931 -1
3048155 -1
3048155 -1
3050141 -1
3051651 -1
3051651 -1
3053729 -1
3053729 -1
3053729 -1
3054298 -1
3054298 -1
3056610 -1
3057591 -1
3057591 -1
3057591 -1
3058550 -1
3058550 -1
3059738 -1
3059952 -1
3060073 -1
3060370 -1
3060370 -1
3063292 -1
3063292 -1
3065182 -1
3065182 -1
3065339 -1
3065339 -1
3065530 -1
3065530 -1
3065530 -1
3069610 -1
3069893 -1
3069893 -1
3070301 -1
3070605 -1
3070605 -1
3071769 -1
3071769 -1
3071769 -1
3073558 -1
3073558 -1
3073678 -1
3073678 -1
3073678 -1
3074330 -1
3074678 -1
3074678 -1
3075788 -1
3075788 -1
3076463 -1
3076463 -1
3076885 -1
3077723 -1
3078539 -1
3079915 -1
3080006 -1
3080006 -1
3080413 -1
3080413 -1
3080413 -1
3081437 -1
3081451 -1
3082356 -1
3082356 -1
3088064 -1
3088064 -1
3088064 -1
3088170 -1
3088170 -1
3088658 -1
3088658 -1
3094305 -1
3094305 -1
3094305 -1
3097890 -1
3097890 -1
3101437 -1
3101437 -1
3101458 -1
3101458 -1
3103452 -1
3103810 -1
3103810 -1
3104888 -1
3104888 -1
3104888 -1
3105316 -1
3105666 -1
3106618 -1
3106618 -1
3110160 -1
3110160 -1
3110886 -1
3110886 -1
3111295 -1
3111295 -1
3114481 -1
3116305 -1
3116305 -1
3119299 -1
3119299 -1
3119888 -1
3119888 -1
3121222 -1
3121746 -1
3123613 -1
3124945 -1
3124945 -1
3125390 -1
3125390 -1
3125390 -1
3127292 -1
3127292 -1
3127414 -1
3127414 -1
3130014 -1
3130014 -1
3130014 -1
3133344 -1
3133344 -1
3133344 -1
3136308 -1
3136655 -1
3136655 -1
3136655 -1
3143470 -1
3143470 -1
3149638 -1
3149638 -1
3149761 -1
3149761 -1
3149761 -1
3158769 -1
3158769 -1
3161182 -1
3161566 -1
3161566 -1
3162607 -1
3162607 -1
3162607 -1
3163872 -1
3163872 -1
3163872 -1
3164445 -1
3169105 -1
3169105 -1
3174272 -1
3174272 -1
3178005 -1
3178005 -1
3180315 -1
3180753 -1
3180753 -1
3180753 -1
3184125 -1
3184125 -1
3185541 -1
3185541 -1
3187860 -1
3187860 -1
3187860 -1
3189493 -1
3189493 -1
3194137 -1
3194378 -1
3194378 -1
3194378 -1
3196511 -1
3196511 -1
3202651 -1
3202651 -1
3202651 -1
3212330 -1
3212330 -1
3213985 -1
3213985 -1
3213985 -1
3215996 -1
3219422 -1
3219422 -1
3220645 -1
3220645 -1
3220645 -1
3232517 -1
3232517 -1
3242667 -1
3242667 -1
3242667 -1
3248555 -1
3248555 -1
3248555 -1
3249010 -1
3249010 -1
3250837 -1
3250837 -1
3259797 -1
3261948 -1
3261948 -1
3264396 -1
3264396 -1
3268852 -1
3273996 -1
3273996 -1
3273996 -1
3277935 -1
3283056 -1
3283056 -1
3283885 -1
3283885 -1
3283885 -1
3288011 -1
3288011 -1
3291127 -1
3291127 -1
3305342 -1
3305342 -1
3320599 -1
3330083 -1
3330083 -1
3330083 -1
3331531 -1
3331531 -1
3332805 -1
3332805 -1
3335594 -1
3335594 -1
3335594 -1
3335662 -1
3335662 -1
3335662 -1
3348077 -1
3348077 -1
3348077 -1
3362014 -1
3362014 -1
3362014 -1
3377464 -1
3377464 -1
3377464 -1
3384371 -1
3394755 -1
3394755 -1
3397282 -1
3397282 -1
3397282 -1
3397305 -1
3397305 -1
3397305 -1
3399150 -1
3399150 -1
3399150 -1
3410156 -1
3410156 -1
3410156 -1
3417718 -1
3417718 -1
3417718 -1
3418742 -1
3418742 -1
3418742 -1
3430478 -1
3430478 -1
3457716 -1
3457716 -1
3458083 -1
3458083 -1
3458083 -1
3460931 -1
3460931 -1
3460931 -1
3461776 -1
3461776 -1
3461776 -1
3471784 -1
3471784 -1
3475160 -1
3475160 -1
3479247 -1
3479247 -1
3482477 -1
3498893 -1
3498893 -1
3498893 -1
3558354 -1
3592768 -1
3592768 -1
3592768 -1
3617653 -1
3617653 -1
3617653 -1
3639527 -1
3639527 -1
3639527 -1
3655972 -1
3655972 -1
3655972 -1
3667900 -1
3667900 -1
3667900 -1
3676012 -1
3676012 -1
3676012 -1
3677599 -1
3677599 -1
3677599 -1
3682617 -1
3682617 -1
3682617 -1
3692392 -1
3692392 -1
3692392 -1
3757711 -1
3757711 -1
3757711 -1
3764559 -1
3764559 -1
3777189 -1
3777189 -1
3777189 -1
3812222 -1
3812222 -1
3812222 -1
3848447 -1
3848447 -1
3848447 -1
3911233 -1
3911233 -1
3911233 -1
3938441 -1
3938441 -1
3938441 -1
4041293 -1
4041293 -1
4041293 -1
4365871 -1
4365871 -1
4365871 -1
4510980 -1
4510980 -1
4510980 -1
4519259 -1
4519259 -1
4519259 -1
4611483 -1
4611483 -1
4611483 -1
5610522 -1
5610522 -1
5610522 -1
