2
0 0 0 29958
1 0 0 1 0 29958
1 0 0 0 1 29958
0 0 1 29958
1 0 1 1 1 29958
1 0 1 0 2 29958
0 0 2 29958
1 0 2 1 2 29958
1 0 2 0 3 29958
0 0 3 29958
1 0 3 1 3 29958
1 0 3 0 4 29958
0 0 4 29958
1 0 4 1 4 29958
1 0 4 0 5 29958
0 0 5 29958
1 0 5 1 5 29958
1 0 5 0 6 29958
0 0 6 29958
1 0 6 1 6 29958
1 0 6 0 7 29958
0 0 7 29958
1 0 7 1 7 29958
1 0 7 0 8 29958
0 0 8 29958
1 0 8 1 8 29958
1 0 8 0 9 29958
0 0 9 29958
1 0 9 1 9 30142
1 0 9 0 10 29958
0 0 10 29958
1 0 10 1 10 29958
1 0 10 0 11 29958
0 0 11 29958
1 0 11 1 11 29958
1 0 11 0 12 29958
0 0 12 29958
1 0 12 1 12 30051
1 0 12 0 13 29958
0 0 13 29958
1 0 13 1 13 29958
1 0 13 0 14 29958
0 0 14 29958
1 0 14 1 14 29958
1 0 14 0 15 29958
0 0 15 29958
1 0 15 1 15 30113
1 0 15 0 16 29958
0 0 16 29903
1 0 16 1 16 29903
1 0 16 0 17 29911
0 0 17 29911
1 0 17 1 17 29911
1 0 17 0 18 29911
0 0 18 29824
1 0 18 1 18 29914
1 0 18 0 19 30262
0 0 19 30262
1 0 19 1 19 30481
1 0 19 0 20 30262
0 0 20 29784
1 0 20 1 20 33947
1 0 20 0 21 29784
0 0 21 29470
1 0 21 1 21 31611
1 0 21 0 22 30777
0 0 22 30777
1 0 22 1 22 38484
1 0 22 0 23 30777
0 0 23 29958
1 0 23 1 23 31034
1 0 23 0 24 29958
0 0 24 29958
1 0 24 1 24 29958
1 0 24 0 25 29958
0 0 25 29958
1 0 25 1 25 29958
1 0 25 0 26 29958
0 0 26 29958
1 0 26 1 26 29958
1 0 26 0 27 29958
0 0 27 29958
1 0 27 1 27 29958
1 0 27 0 28 29958
0 0 28 29958
1 0 28 1 28 29958
0 1 0 29958
1 1 0 2 0 29958
1 1 0 1 1 29958
0 1 1 29958
1 1 1 2 1 29958
1 1 1 1 2 29958
0 1 2 29958
1 1 2 2 2 29958
1 1 2 1 3 29958
0 1 3 29958
1 1 3 2 3 29958
1 1 3 1 4 29958
0 1 4 29958
1 1 4 2 4 29958
1 1 4 1 5 29958
0 1 5 29958
1 1 5 2 5 29958
1 1 5 1 6 29958
0 1 6 29958
1 1 6 2 6 29958
1 1 6 1 7 29958
0 1 7 29958
1 1 7 2 7 29958
1 1 7 1 8 29958
0 1 8 29958
1 1 8 2 8 29958
1 1 8 1 9 30142
0 1 9 30142
1 1 9 2 9 30585
1 1 9 1 10 30142
0 1 10 29570
1 1 10 2 10 29570
1 1 10 1 11 29948
0 1 11 29948
1 1 11 2 11 29948
1 1 11 1 12 30051
0 1 12 30051
1 1 12 2 12 30051
1 1 12 1 13 30051
0 1 13 29958
1 1 13 2 13 29958
1 1 13 1 14 29958
0 1 14 29947
1 1 14 2 14 29978
1 1 14 1 15 30113
0 1 15 30113
1 1 15 2 15 30113
1 1 15 1 16 30113
0 1 16 29348
1 1 16 2 16 29348
1 1 16 1 17 29348
0 1 17 29090
1 1 17 2 17 29090
1 1 17 1 18 29914
0 1 18 29914
1 1 18 2 18 29914
1 1 18 1 19 30481
0 1 19 30481
1 1 19 2 19 30481
1 1 19 1 20 33947
0 1 20 33947
1 1 20 2 20 34177
1 1 20 1 21 33947
0 1 21 31611
1 1 21 2 21 31611
1 1 21 1 22 38484
0 1 22 38484
1 1 22 2 22 38484
1 1 22 1 23 38484
0 1 23 31034
1 1 23 2 23 32508
1 1 23 1 24 31034
0 1 24 29958
1 1 24 2 24 29958
1 1 24 1 25 29958
0 1 25 29958
1 1 25 2 25 30018
1 1 25 1 26 29958
0 1 26 29958
1 1 26 2 26 29958
1 1 26 1 27 29958
0 1 27 29958
1 1 27 2 27 29958
1 1 27 1 28 29958
0 1 28 29958
1 1 28 2 28 29958
0 2 0 29958
1 2 0 3 0 29958
1 2 0 2 1 29958
0 2 1 29958
1 2 1 3 1 29958
1 2 1 2 2 29958
0 2 2 29958
1 2 2 3 2 29958
1 2 2 2 3 29958
0 2 3 29958
1 2 3 3 3 29958
1 2 3 2 4 29958
0 2 4 29958
1 2 4 3 4 29958
1 2 4 2 5 29958
0 2 5 29958
1 2 5 3 5 29958
1 2 5 2 6 29958
0 2 6 29958
1 2 6 3 6 29958
1 2 6 2 7 29958
0 2 7 29958
1 2 7 3 7 29958
1 2 7 2 8 29958
0 2 8 29958
1 2 8 3 8 29958
1 2 8 2 9 30585
0 2 9 30585
1 2 9 3 9 31496
1 2 9 2 10 30585
0 2 10 25775
1 2 10 3 10 39384
1 2 10 2 11 28873
0 2 11 28873
1 2 11 3 11 28873
1 2 11 2 12 28873
0 2 12 28471
1 2 12 3 12 28610
1 2 12 2 13 29495
0 2 13 29495
1 2 13 3 13 36923
1 2 13 2 14 29978
0 2 14 29978
1 2 14 3 14 30603
1 2 14 2 15 29978
0 2 15 27993
1 2 15 3 15 29011
1 2 15 2 16 27993
0 2 16 25899
1 2 16 3 16 27170
1 2 16 2 17 27380
0 2 17 27380
1 2 17 3 17 27380
1 2 17 2 18 28656
0 2 18 28656
1 2 18 3 18 28656
1 2 18 2 19 28991
0 2 19 28991
1 2 19 3 19 30880
1 2 19 2 20 34177
0 2 20 34177
1 2 20 3 20 34177
1 2 20 2 21 34177
0 2 21 27606
1 2 21 3 21 31039
1 2 21 2 22 31765
0 2 22 31765
1 2 22 3 22 34988
1 2 22 2 23 32508
0 2 23 32508
1 2 23 3 23 32830
1 2 23 2 24 32508
0 2 24 29744
1 2 24 3 24 29744
1 2 24 2 25 30018
0 2 25 30018
1 2 25 3 25 31615
1 2 25 2 26 30018
0 2 26 29958
1 2 26 3 26 29958
1 2 26 2 27 29958
0 2 27 29958
1 2 27 3 27 29958
1 2 27 2 28 29958
0 2 28 29958
1 2 28 3 28 29958
0 3 0 29958
1 3 0 4 0 29958
1 3 0 3 1 29958
0 3 1 29958
1 3 1 4 1 29958
1 3 1 3 2 29958
0 3 2 29958
1 3 2 4 2 29958
1 3 2 3 3 29958
0 3 3 29958
1 3 3 4 3 29958
1 3 3 3 4 29958
0 3 4 29958
1 3 4 4 4 29958
1 3 4 3 5 29958
0 3 5 29958
1 3 5 4 5 30148
1 3 5 3 6 29958
0 3 6 29958
1 3 6 4 6 29958
1 3 6 3 7 29958
0 3 7 29958
1 3 7 4 7 30165
1 3 7 3 8 29958
0 3 8 29958
1 3 8 4 8 29958
1 3 8 3 9 31496
0 3 9 31496
1 3 9 4 9 31496
1 3 9 3 10 39384
0 3 10 39384
1 3 10 4 10 39384
1 3 10 3 11 39384
0 3 11 23355
1 3 11 4 11 29114
1 3 11 3 12 28610
0 3 12 28610
1 3 12 4 12 28610
1 3 12 3 13 36923
0 3 13 36923
1 3 13 4 13 36923
1 3 13 3 14 36923
0 3 14 30603
1 3 14 4 14 30603
1 3 14 3 15 30603
0 3 15 29011
1 3 15 4 15 29390
1 3 15 3 16 29011
0 3 16 27170
1 3 16 4 16 30343
1 3 16 3 17 27170
0 3 17 26236
1 3 17 4 17 29178
1 3 17 3 18 28536
0 3 18 28536
1 3 18 4 18 29552
1 3 18 3 19 30880
0 3 19 30880
1 3 19 4 19 30880
1 3 19 3 20 30880
0 3 20 30365
1 3 20 4 20 30365
1 3 20 3 21 31039
0 3 21 31039
1 3 21 4 21 33991
1 3 21 3 22 34988
0 3 22 34988
1 3 22 4 22 34988
1 3 22 3 23 34988
0 3 23 32830
1 3 23 4 23 32830
1 3 23 3 24 32830
0 3 24 29705
1 3 24 4 24 29705
1 3 24 3 25 31615
0 3 25 31615
1 3 25 4 25 34187
1 3 25 3 26 31615
0 3 26 29739
1 3 26 4 26 30376
1 3 26 3 27 29958
0 3 27 29958
1 3 27 4 27 29958
1 3 27 3 28 29958
0 3 28 29958
1 3 28 4 28 29958
0 4 0 29958
1 4 0 5 0 29958
1 4 0 4 1 29958
0 4 1 29958
1 4 1 5 1 29958
1 4 1 4 2 29958
0 4 2 29958
1 4 2 5 2 29958
1 4 2 4 3 29958
0 4 3 29958
1 4 3 5 3 29958
1 4 3 4 4 29958
0 4 4 29958
1 4 4 5 4 29958
1 4 4 4 5 30148
0 4 5 30148
1 4 5 5 5 30185
1 4 5 4 6 30148
0 4 6 29495
1 4 6 5 6 29495
1 4 6 4 7 30165
0 4 7 30165
1 4 7 5 7 30165
1 4 7 4 8 30165
0 4 8 29883
1 4 8 5 8 29883
1 4 8 4 9 31056
0 4 9 31056
1 4 9 5 9 31056
1 4 9 4 10 33053
0 4 10 33053
1 4 10 5 10 33053
1 4 10 4 11 33053
0 4 11 29114
1 4 11 5 11 31014
1 4 11 4 12 29114
0 4 12 24561
1 4 12 5 12 26956
1 4 12 4 13 24561
0 4 13 19276
1 4 13 5 13 29791
1 4 13 4 14 29491
0 4 14 29491
1 4 14 5 14 30110
1 4 14 4 15 29491
0 4 15 29390
1 4 15 5 15 29896
1 4 15 4 16 30343
0 4 16 30343
1 4 16 5 16 30343
1 4 16 4 17 30343
0 4 17 29178
1 4 17 5 17 29614
1 4 17 4 18 29552
0 4 18 29552
1 4 18 5 18 30439
1 4 18 4 19 29552
0 4 19 28682
1 4 19 5 19 30342
1 4 19 4 20 28682
0 4 20 25787
1 4 20 5 20 29343
1 4 20 4 21 33991
0 4 21 33991
1 4 21 5 21 33991
1 4 21 4 22 33991
0 4 22 33205
1 4 22 5 22 33205
1 4 22 4 23 33205
0 4 23 29435
1 4 23 5 23 29435
1 4 23 4 24 29435
0 4 24 27220
1 4 24 5 24 29085
1 4 24 4 25 34187
0 4 25 34187
1 4 25 5 25 34187
1 4 25 4 26 34187
0 4 26 30376
1 4 26 5 26 30376
1 4 26 4 27 30376
0 4 27 29958
1 4 27 5 27 29958
1 4 27 4 28 29958
0 4 28 29958
1 4 28 5 28 29997
0 5 0 29958
1 5 0 6 0 29958
1 5 0 5 1 29958
0 5 1 29958
1 5 1 6 1 29958
1 5 1 5 2 29958
0 5 2 29958
1 5 2 6 2 29958
1 5 2 5 3 29958
0 5 3 29958
1 5 3 6 3 29958
1 5 3 5 4 29958
0 5 4 29958
1 5 4 6 4 29958
1 5 4 5 5 30185
0 5 5 30185
1 5 5 6 5 30278
1 5 5 5 6 30185
0 5 6 27090
1 5 6 6 6 31363
1 5 6 5 7 29403
0 5 7 29403
1 5 7 6 7 56105
1 5 7 5 8 29640
0 5 8 29640
1 5 8 6 8 30314
1 5 8 5 9 30250
0 5 9 30250
1 5 9 6 9 30250
1 5 9 5 10 30250
0 5 10 29929
1 5 10 6 10 30224
1 5 10 5 11 31014
0 5 11 31014
1 5 11 6 11 34617
1 5 11 5 12 31014
0 5 12 26956
1 5 12 6 12 30886
1 5 12 5 13 29791
0 5 13 29791
1 5 13 6 13 30132
1 5 13 5 14 30110
0 5 14 30110
1 5 14 6 14 30110
1 5 14 5 15 30110
0 5 15 29896
1 5 15 6 15 31855
1 5 15 5 16 29896
0 5 16 29277
1 5 16 6 16 30597
1 5 16 5 17 29614
0 5 17 29614
1 5 17 6 17 29614
1 5 17 5 18 30439
0 5 18 30439
1 5 18 6 18 30439
1 5 18 5 19 30439
0 5 19 30342
1 5 19 6 19 30358
1 5 19 5 20 30342
0 5 20 29343
1 5 20 6 20 29343
1 5 20 5 21 30881
0 5 21 30881
1 5 21 6 21 30881
1 5 21 5 22 30881
0 5 22 30566
1 5 22 6 22 30566
1 5 22 5 23 30566
0 5 23 28686
1 5 23 6 23 29976
1 5 23 5 24 29085
0 5 24 29085
1 5 24 6 24 30655
1 5 24 5 25 31101
0 5 25 31101
1 5 25 6 25 31101
1 5 25 5 26 31101
0 5 26 30091
1 5 26 6 26 30091
1 5 26 5 27 30091
0 5 27 29768
1 5 27 6 27 29768
1 5 27 5 28 29997
0 5 28 29997
1 5 28 6 28 29997
0 6 0 29958
1 6 0 7 0 29958
1 6 0 6 1 29958
0 6 1 29958
1 6 1 7 1 29958
1 6 1 6 2 29958
0 6 2 29958
1 6 2 7 2 29958
1 6 2 6 3 29958
0 6 3 29958
1 6 3 7 3 29958
1 6 3 6 4 29958
0 6 4 29958
1 6 4 7 4 29958
1 6 4 6 5 30278
0 6 5 30278
1 6 5 7 5 32643
1 6 5 6 6 31363
0 6 6 31363
1 6 6 7 6 33973
1 6 6 6 7 56105
0 6 7 56105
1 6 7 7 7 56105
1 6 7 6 8 56105
0 6 8 30314
1 6 8 7 8 30314
1 6 8 6 9 30314
0 6 9 29848
1 6 9 7 9 36775
1 6 9 6 10 30224
0 6 10 30224
1 6 10 7 10 30224
1 6 10 6 11 34617
0 6 11 34617
1 6 11 7 11 34617
1 6 11 6 12 34617
0 6 12 30886
1 6 12 7 12 30886
1 6 12 6 13 30886
0 6 13 30132
1 6 13 7 13 30132
1 6 13 6 14 30132
0 6 14 29900
1 6 14 7 14 31644
1 6 14 6 15 31855
0 6 15 31855
1 6 15 7 15 34101
1 6 15 6 16 31855
0 6 16 30597
1 6 16 7 16 31894
1 6 16 6 17 30597
0 6 17 27674
1 6 17 7 17 29640
1 6 17 6 18 30027
0 6 18 30027
1 6 18 7 18 30027
1 6 18 6 19 30358
0 6 19 30358
1 6 19 7 19 30358
1 6 19 6 20 30358
0 6 20 29075
1 6 20 7 20 33480
1 6 20 6 21 29075
0 6 21 26086
1 6 21 7 21 30746
1 6 21 6 22 28870
0 6 22 28870
1 6 22 7 22 28870
1 6 22 6 23 29976
0 6 23 29976
1 6 23 7 23 29976
1 6 23 6 24 30655
0 6 24 30655
1 6 24 7 24 30655
1 6 24 6 25 30655
0 6 25 30525
1 6 25 7 25 31108
1 6 25 6 26 30525
0 6 26 27467
1 6 26 7 26 27803
1 6 26 6 27 29453
0 6 27 29453
1 6 27 7 27 29453
1 6 27 6 28 29874
0 6 28 29874
1 6 28 7 28 30288
0 7 0 29958
1 7 0 8 0 29958
1 7 0 7 1 29958
0 7 1 29958
1 7 1 8 1 29958
1 7 1 7 2 29958
0 7 2 29958
1 7 2 8 2 29958
1 7 2 7 3 29958
0 7 3 29958
1 7 3 8 3 29958
1 7 3 7 4 29958
0 7 4 29958
1 7 4 8 4 29958
1 7 4 7 5 32643
0 7 5 32643
1 7 5 8 5 32643
1 7 5 7 6 33973
0 7 6 33973
1 7 6 8 6 33973
1 7 6 7 7 33973
0 7 7 23618
1 7 7 8 7 23618
1 7 7 7 8 30124
0 7 8 30124
1 7 8 8 8 34580
1 7 8 7 9 36775
0 7 9 36775
1 7 9 8 9 36775
1 7 9 7 10 36775
0 7 10 27137
1 7 10 8 10 27137
1 7 10 7 11 27388
0 7 11 27388
1 7 11 8 11 29884
1 7 11 7 12 28692
0 7 12 28692
1 7 12 8 12 30372
1 7 12 7 13 28692
0 7 13 28684
1 7 13 8 13 28684
1 7 13 7 14 31644
0 7 14 31644
1 7 14 8 14 39112
1 7 14 7 15 34101
0 7 15 34101
1 7 15 8 15 34101
1 7 15 7 16 34101
0 7 16 31894
1 7 16 8 16 31894
1 7 16 7 17 31894
0 7 17 29640
1 7 17 8 17 30274
1 7 17 7 18 29640
0 7 18 28347
1 7 18 8 18 31497
1 7 18 7 19 28347
0 7 19 28326
1 7 19 8 19 30653
1 7 19 7 20 33480
0 7 20 33480
1 7 20 8 20 33480
1 7 20 7 21 33480
0 7 21 30746
1 7 21 8 21 30746
1 7 21 7 22 30746
0 7 22 25277
1 7 22 8 22 25889
1 7 22 7 23 29183
0 7 23 29183
1 7 23 8 23 29183
1 7 23 7 24 30281
0 7 24 30281
1 7 24 8 24 30281
1 7 24 7 25 31108
0 7 25 31108
1 7 25 8 25 31300
1 7 25 7 26 31108
0 7 26 27803
1 7 26 8 26 29911
1 7 26 7 27 28800
0 7 27 28800
1 7 27 8 27 29648
1 7 27 7 28 30288
0 7 28 30288
1 7 28 8 28 30288
0 8 0 29958
1 8 0 9 0 29958
1 8 0 8 1 29958
0 8 1 29958
1 8 1 9 1 29958
1 8 1 8 2 29958
0 8 2 29826
1 8 2 9 2 30632
1 8 2 8 3 29826
0 8 3 29823
1 8 3 9 3 32739
1 8 3 8 4 29898
0 8 4 29898
1 8 4 9 4 30209
1 8 4 8 5 29898
0 8 5 29858
1 8 5 9 5 29858
1 8 5 8 6 29858
0 8 6 29072
1 8 6 9 6 29072
1 8 6 8 7 29072
0 8 7 21816
1 8 7 9 7 26713
1 8 7 8 8 34580
0 8 8 34580
1 8 8 9 8 34580
1 8 8 8 9 34580
0 8 9 24791
1 8 9 9 9 29799
1 8 9 8 10 25160
0 8 10 25160
1 8 10 9 10 30706
1 8 10 8 11 29884
0 8 11 29884
1 8 11 9 11 35927
1 8 11 8 12 30372
0 8 12 30372
1 8 12 9 12 32880
1 8 12 8 13 30372
0 8 13 24135
1 8 13 9 13 28565
1 8 13 8 14 39112
0 8 14 39112
1 8 14 9 14 39112
1 8 14 8 15 39112
0 8 15 32688
1 8 15 9 15 32688
1 8 15 8 16 32688
0 8 16 30391
1 8 16 9 16 30391
1 8 16 8 17 30391
0 8 17 30274
1 8 17 9 17 30274
1 8 17 8 18 31497
0 8 18 31497
1 8 18 9 18 31497
1 8 18 8 19 31497
0 8 19 30653
1 8 19 9 19 30653
1 8 19 8 20 30653
0 8 20 29297
1 8 20 9 20 32139
1 8 20 8 21 29620
0 8 21 29620
1 8 21 9 21 29620
1 8 21 8 22 29620
0 8 22 25889
1 8 22 9 22 43658
1 8 22 8 23 27124
0 8 23 27124
1 8 23 9 23 27124
1 8 23 8 24 30156
0 8 24 30156
1 8 24 9 24 30156
1 8 24 8 25 31300
0 8 25 31300
1 8 25 9 25 31300
1 8 25 8 26 31300
0 8 26 29911
1 8 26 9 26 29911
1 8 26 8 27 29911
0 8 27 29648
1 8 27 9 27 30430
1 8 27 8 28 30086
0 8 28 30086
1 8 28 9 28 30086
0 9 0 29958
1 9 0 10 0 29958
1 9 0 9 1 29958
0 9 1 29958
1 9 1 10 1 29958
1 9 1 9 2 30632
0 9 2 30632
1 9 2 10 2 30632
1 9 2 9 3 32739
0 9 3 32739
1 9 3 10 3 32739
1 9 3 9 4 32739
0 9 4 30209
1 9 4 10 4 30209
1 9 4 9 5 30209
0 9 5 29365
1 9 5 10 5 29365
1 9 5 9 6 29365
0 9 6 27874
1 9 6 10 6 29451
1 9 6 9 7 27874
0 9 7 26713
1 9 7 10 7 30430
1 9 7 9 8 27129
0 9 8 27129
1 9 8 10 8 30189
1 9 8 9 9 29799
0 9 9 29799
1 9 9 10 9 29814
1 9 9 9 10 30706
0 9 10 30706
1 9 10 10 10 30706
1 9 10 9 11 35927
0 9 11 35927
1 9 11 10 11 35927
1 9 11 9 12 35927
0 9 12 32880
1 9 12 10 12 32880
1 9 12 9 13 32880
0 9 13 28565
1 9 13 10 13 29704
1 9 13 9 14 30011
0 9 14 30011
1 9 14 10 14 30011
1 9 14 9 15 30011
0 9 15 29936
1 9 15 10 15 29936
1 9 15 9 16 29936
0 9 16 29505
1 9 16 10 16 29862
1 9 16 9 17 29889
0 9 17 29889
1 9 17 10 17 30501
1 9 17 9 18 30154
0 9 18 30154
1 9 18 10 18 30785
1 9 18 9 19 30154
0 9 19 28139
1 9 19 10 19 36559
1 9 19 9 20 32139
0 9 20 32139
1 9 20 10 20 32139
1 9 20 9 21 32139
0 9 21 28831
1 9 21 10 21 28831
1 9 21 9 22 43658
0 9 22 43658
1 9 22 10 22 43658
1 9 22 9 23 43658
0 9 23 18914
1 9 23 10 23 33328
1 9 23 9 24 27026
0 9 24 27026
1 9 24 10 24 31274
1 9 24 9 25 27685
0 9 25 27685
1 9 25 10 25 28706
1 9 25 9 26 29120
0 9 26 29120
1 9 26 10 26 29179
1 9 26 9 27 30430
0 9 27 30430
1 9 27 10 27 30430
1 9 27 9 28 30430
0 9 28 29958
1 9 28 10 28 29996
0 10 0 29958
1 10 0 11 0 29958
1 10 0 10 1 29958
0 10 1 29958
1 10 1 11 1 29958
1 10 1 10 2 30207
0 10 2 30207
1 10 2 11 2 30223
1 10 2 10 3 31691
0 10 3 31691
1 10 3 11 3 31691
1 10 3 10 4 31691
0 10 4 29086
1 10 4 11 4 30290
1 10 4 10 5 29086
0 10 5 28719
1 10 5 11 5 29793
1 10 5 10 6 29451
0 10 6 29451
1 10 6 11 6 29451
1 10 6 10 7 30430
0 10 7 30430
1 10 7 11 7 30430
1 10 7 10 8 30430
0 10 8 30189
1 10 8 11 8 30237
1 10 8 10 9 30189
0 10 9 29814
1 10 9 11 9 29814
1 10 9 10 10 29814
0 10 10 28514
1 10 10 11 10 28514
1 10 10 10 11 30814
0 10 11 30814
1 10 11 11 11 31626
1 10 11 10 12 30814
0 10 12 29865
1 10 12 11 12 30234
1 10 12 10 13 29865
0 10 13 29704
1 10 13 11 13 33774
1 10 13 10 14 29704
0 10 14 29200
1 10 14 11 14 29200
1 10 14 10 15 29463
0 10 15 29463
1 10 15 11 15 29763
1 10 15 10 16 29862
0 10 16 29862
1 10 16 11 16 30978
1 10 16 10 17 30501
0 10 17 30501
1 10 17 11 17 30970
1 10 17 10 18 30785
0 10 18 30785
1 10 18 11 18 31742
1 10 18 10 19 36559
0 10 19 36559
1 10 19 11 19 36559
1 10 19 10 20 36559
0 10 20 25755
1 10 20 11 20 31144
1 10 20 10 21 28715
0 10 21 28715
1 10 21 11 21 28715
1 10 21 10 22 28715
0 10 22 27340
1 10 22 11 22 30316
1 10 22 10 23 33328
0 10 23 33328
1 10 23 11 23 37771
1 10 23 10 24 33328
0 10 24 31274
1 10 24 11 24 31274
1 10 24 10 25 31274
0 10 25 28706
1 10 25 11 25 29340
1 10 25 10 26 29179
0 10 26 29179
1 10 26 11 26 30757
1 10 26 10 27 30359
0 10 27 30359
1 10 27 11 27 30359
1 10 27 10 28 30359
0 10 28 29996
1 10 28 11 28 29996
0 11 0 29958
1 11 0 12 0 29958
1 11 0 11 1 29958
0 11 1 29958
1 11 1 12 1 29958
1 11 1 11 2 30223
0 11 2 30223
1 11 2 12 2 30223
1 11 2 11 3 30343
0 11 3 30343
1 11 3 12 3 30343
1 11 3 11 4 30343
0 11 4 30290
1 11 4 12 4 30290
1 11 4 11 5 30290
0 11 5 29793
1 11 5 12 5 32490
1 11 5 11 6 29793
0 11 6 27501
1 11 6 12 6 33620
1 11 6 11 7 28491
0 11 7 28491
1 11 7 12 7 28491
1 11 7 11 8 30237
0 11 8 30237
1 11 8 12 8 30237
1 11 8 11 9 30237
0 11 9 28040
1 11 9 12 9 29298
1 11 9 11 10 28040
0 11 10 27737
1 11 10 12 10 28896
1 11 10 11 11 31626
0 11 11 31626
1 11 11 12 11 31626
1 11 11 11 12 31626
0 11 12 30234
1 11 12 12 12 30234
1 11 12 11 13 33774
0 11 13 33774
1 11 13 12 13 33774
1 11 13 11 14 33774
0 11 14 26855
1 11 14 12 14 30703
1 11 14 11 15 29763
0 11 15 29763
1 11 15 12 15 32194
1 11 15 11 16 30978
0 11 16 30978
1 11 16 12 16 36826
1 11 16 11 17 30978
0 11 17 30970
1 11 17 12 17 34717
1 11 17 11 18 31742
0 11 18 31742
1 11 18 12 18 34304
1 11 18 11 19 31742
0 11 19 31105
1 11 19 12 19 32779
1 11 19 11 20 31144
0 11 20 31144
1 11 20 12 20 32838
1 11 20 11 21 31144
0 11 21 27276
1 11 21 12 21 31163
1 11 21 11 22 30316
0 11 22 30316
1 11 22 12 22 30316
1 11 22 11 23 37771
0 11 23 37771
1 11 23 12 23 37771
1 11 23 11 24 37771
0 11 24 27525
1 11 24 12 24 30696
1 11 24 11 25 29340
0 11 25 29340
1 11 25 12 25 31048
1 11 25 11 26 30757
0 11 26 30757
1 11 26 12 26 30764
1 11 26 11 27 30757
0 11 27 28885
1 11 27 12 27 29711
1 11 27 11 28 29014
0 11 28 29014
1 11 28 12 28 29192
0 12 0 29958
1 12 0 13 0 29958
1 12 0 12 1 29958
0 12 1 29958
1 12 1 13 1 29958
1 12 1 12 2 29958
0 12 2 29958
1 12 2 13 2 30131
1 12 2 12 3 30079
0 12 3 30079
1 12 3 13 3 30079
1 12 3 12 4 30079
0 12 4 29592
1 12 4 13 4 31249
1 12 4 12 5 32490
0 12 5 32490
1 12 5 13 5 32490
1 12 5 12 6 33620
0 12 6 33620
1 12 6 13 6 33620
1 12 6 12 7 33620
0 12 7 26842
1 12 7 13 7 30025
1 12 7 12 8 28937
0 12 8 28937
1 12 8 13 8 29115
1 12 8 12 9 29298
0 12 9 29298
1 12 9 13 9 30108
1 12 9 12 10 29298
0 12 10 28896
1 12 10 13 10 30823
1 12 10 12 11 30006
0 12 11 30006
1 12 11 13 11 30117
1 12 11 12 12 30006
0 12 12 29839
1 12 12 13 12 29879
1 12 12 12 13 30191
0 12 13 30191
1 12 13 13 13 31014
1 12 13 12 14 30703
0 12 14 30703
1 12 14 13 14 30703
1 12 14 12 15 32194
0 12 15 32194
1 12 15 13 15 32194
1 12 15 12 16 36826
0 12 16 36826
1 12 16 13 16 36826
1 12 16 12 17 36826
0 12 17 34717
1 12 17 13 17 34717
1 12 17 12 18 34717
0 12 18 34304
1 12 18 13 18 34304
1 12 18 12 19 34304
0 12 19 32779
1 12 19 13 19 32779
1 12 19 12 20 32838
0 12 20 32838
1 12 20 13 20 32838
1 12 20 12 21 32838
0 12 21 31163
1 12 21 13 21 31163
1 12 21 12 22 31163
0 12 22 30170
1 12 22 13 22 30292
1 12 22 12 23 31841
0 12 23 31841
1 12 23 13 23 31841
1 12 23 12 24 31841
0 12 24 30696
1 12 24 13 24 30696
1 12 24 12 25 31048
0 12 25 31048
1 12 25 13 25 31048
1 12 25 12 26 31048
0 12 26 30764
1 12 26 13 26 30764
1 12 26 12 27 30764
0 12 27 29711
1 12 27 13 27 30422
1 12 27 12 28 29711
0 12 28 29192
1 12 28 13 28 29989
0 13 0 29958
1 13 0 14 0 29958
1 13 0 13 1 29958
0 13 1 29859
1 13 1 14 1 30943
1 13 1 13 2 30131
0 13 2 30131
1 13 2 14 2 30743
1 13 2 13 3 30131
0 13 3 29808
1 13 3 14 3 32206
1 13 3 13 4 31249
0 13 4 31249
1 13 4 14 4 32159
1 13 4 13 5 31249
0 13 5 30464
1 13 5 14 5 31272
1 13 5 13 6 31236
0 13 6 31236
1 13 6 14 6 31236
1 13 6 13 7 31236
0 13 7 30025
1 13 7 14 7 30600
1 13 7 13 8 30025
0 13 8 29115
1 13 8 14 8 31112
1 13 8 13 9 30108
0 13 9 30108
1 13 9 14 9 30235
1 13 9 13 10 30823
0 13 10 30823
1 13 10 14 10 31333
1 13 10 13 11 30823
0 13 11 30117
1 13 11 14 11 30398
1 13 11 13 12 30117
0 13 12 29879
1 13 12 14 12 30337
1 13 12 13 13 31014
0 13 13 31014
1 13 13 14 13 33356
1 13 13 13 14 31014
0 13 14 29946
1 13 14 14 14 33315
1 13 14 13 15 29946
0 13 15 28362
1 13 15 14 15 29515
1 13 15 13 16 35583
0 13 16 35583
1 13 16 14 16 36679
1 13 16 13 17 35583
0 13 17 28041
1 13 17 14 17 29345
1 13 17 13 18 28041
0 13 18 24170
1 13 18 14 18 24768
1 13 18 13 19 24170
0 13 19 22737
1 13 19 14 19 45192
1 13 19 13 20 27311
0 13 20 27311
1 13 20 14 20 27670
1 13 20 13 21 29513
0 13 21 29513
1 13 21 14 21 31366
1 13 21 13 22 30292
0 13 22 30292
1 13 22 14 22 30292
1 13 22 13 23 31066
0 13 23 31066
1 13 23 14 23 31066
1 13 23 13 24 31066
0 13 24 30674
1 13 24 14 24 32026
1 13 24 13 25 30674
0 13 25 30514
1 13 25 14 25 31192
1 13 25 13 26 30599
0 13 26 30599
1 13 26 14 26 30599
1 13 26 13 27 30599
0 13 27 30422
1 13 27 14 27 30422
1 13 27 13 28 30422
0 13 28 29989
1 13 28 14 28 29989
0 14 0 29945
1 14 0 15 0 29945
1 14 0 14 1 30943
0 14 1 30943
1 14 1 15 1 30943
1 14 1 14 2 30943
0 14 2 30743
1 14 2 15 2 30743
1 14 2 14 3 32206
0 14 3 32206
1 14 3 15 3 32206
1 14 3 14 4 32206
0 14 4 32159
1 14 4 15 4 33300
1 14 4 14 5 32159
0 14 5 31272
1 14 5 15 5 31272
1 14 5 14 6 31272
0 14 6 29721
1 14 6 15 6 30014
1 14 6 14 7 30600
0 14 7 30600
1 14 7 15 7 30698
1 14 7 14 8 31112
0 14 8 31112
1 14 8 15 8 40412
1 14 8 14 9 31112
0 14 9 30235
1 14 9 15 9 30235
1 14 9 14 10 31333
0 14 10 31333
1 14 10 15 10 31333
1 14 10 14 11 31333
0 14 11 30398
1 14 11 15 11 30398
1 14 11 14 12 30398
0 14 12 30337
1 14 12 15 12 31587
1 14 12 14 13 33356
0 14 13 33356
1 14 13 15 13 33356
1 14 13 14 14 33356
0 14 14 33315
1 14 14 15 14 33315
1 14 14 14 15 33315
0 14 15 29515
1 14 15 15 15 31253
1 14 15 14 16 36679
0 14 16 36679
1 14 16 15 16 36679
1 14 16 14 17 36679
0 14 17 29345
1 14 17 15 17 33355
1 14 17 14 18 29345
0 14 18 24768
1 14 18 15 18 24768
1 14 18 14 19 45192
0 14 19 45192
1 14 19 15 19 45192
1 14 19 14 20 45192
0 14 20 27670
1 14 20 15 20 46114
1 14 20 14 21 31366
0 14 21 31366
1 14 21 15 21 31366
1 14 21 14 22 31366
0 14 22 26823
1 14 22 15 22 28737
1 14 22 14 23 29099
0 14 23 29099
1 14 23 15 23 29099
1 14 23 14 24 32026
0 14 24 32026
1 14 24 15 24 32026
1 14 24 14 25 32026
0 14 25 31192
1 14 25 15 25 31192
1 14 25 14 26 31192
0 14 26 29469
1 14 26 15 26 29727
1 14 26 14 27 30037
0 14 27 30037
1 14 27 15 27 30037
1 14 27 14 28 30037
0 14 28 29958
1 14 28 15 28 29958
0 15 0 29716
1 15 0 16 0 29859
1 15 0 15 1 30259
0 15 1 30259
1 15 1 16 1 30259
1 15 1 15 2 30259
0 15 2 29815
1 15 2 16 2 29815
1 15 2 15 3 30244
0 15 3 30244
1 15 3 16 3 30244
1 15 3 15 4 33300
0 15 4 33300
1 15 4 16 4 33300
1 15 4 15 5 33300
0 15 5 30082
1 15 5 16 5 30082
1 15 5 15 6 30082
0 15 6 30014
1 15 6 16 6 30014
1 15 6 15 7 30698
0 15 7 30698
1 15 7 16 7 30698
1 15 7 15 8 40412
0 15 8 40412
1 15 8 16 8 40412
1 15 8 15 9 40412
0 15 9 27217
1 15 9 16 9 45109
1 15 9 15 10 30814
0 15 10 30814
1 15 10 16 10 30814
1 15 10 15 11 30814
0 15 11 30109
1 15 11 16 11 34824
1 15 11 15 12 31587
0 15 12 31587
1 15 12 16 12 36176
1 15 12 15 13 31587
0 15 13 30694
1 15 13 16 13 31053
1 15 13 15 14 30694
0 15 14 28327
1 15 14 16 14 29077
1 15 14 15 15 31253
0 15 15 31253
1 15 15 16 15 31253
1 15 15 15 16 31253
0 15 16 25300
1 15 16 16 16 25309
1 15 16 15 17 33355
0 15 17 33355
1 15 17 16 17 33355
1 15 17 15 18 33355
0 15 18 23832
1 15 18 16 18 25927
1 15 18 15 19 23832
0 15 19 18525
1 15 19 16 19 29841
1 15 19 15 20 46114
0 15 20 46114
1 15 20 16 20 46114
1 15 20 15 21 46114
0 15 21 30263
1 15 21 16 21 30263
1 15 21 15 22 30263
0 15 22 28737
1 15 22 16 22 29271
1 15 22 15 23 28737
0 15 23 26907
1 15 23 16 23 27503
1 15 23 15 24 26907
0 15 24 24924
1 15 24 16 24 28001
1 15 24 15 25 30651
0 15 25 30651
1 15 25 16 25 30651
1 15 25 15 26 30651
0 15 26 29727
1 15 26 16 26 29958
1 15 26 15 27 29958
0 15 27 29958
1 15 27 16 27 29958
1 15 27 15 28 29958
0 15 28 29958
1 15 28 16 28 29958
0 16 0 29859
1 16 0 17 0 29859
1 16 0 16 1 29859
0 16 1 29611
1 16 1 17 1 29611
1 16 1 16 2 29611
0 16 2 29210
1 16 2 17 2 29210
1 16 2 16 3 29210
0 16 3 25106
1 16 3 17 3 32911
1 16 3 16 4 32597
0 16 4 32597
1 16 4 17 4 34609
1 16 4 16 5 32597
0 16 5 26526
1 16 5 17 5 32325
1 16 5 16 6 29564
0 16 6 29564
1 16 6 17 6 29564
1 16 6 16 7 29564
0 16 7 28646
1 16 7 17 7 28646
1 16 7 16 8 28646
0 16 8 10000
1 16 8 17 8 18890
1 16 8 16 9 45109
0 16 9 45109
1 16 9 17 9 45109
1 16 9 16 10 45109
0 16 10 30683
1 16 10 17 10 30683
1 16 10 16 11 34824
0 16 11 34824
1 16 11 17 11 38122
1 16 11 16 12 36176
0 16 12 36176
1 16 12 17 12 36176
1 16 12 16 13 36176
0 16 13 31053
1 16 13 17 13 32123
1 16 13 16 14 31053
0 16 14 29077
1 16 14 17 14 29077
1 16 14 16 15 29101
0 16 15 29101
1 16 15 17 15 31878
1 16 15 16 16 29101
0 16 16 25309
1 16 16 17 16 29778
1 16 16 16 17 25309
0 16 17 21061
1 16 17 17 17 28846
1 16 17 16 18 25927
0 16 18 25927
1 16 18 17 18 29752
1 16 18 16 19 29841
0 16 19 29841
1 16 19 17 19 30469
1 16 19 16 20 29841
0 16 20 29275
1 16 20 17 20 29275
1 16 20 16 21 29748
0 16 21 29748
1 16 21 17 21 30303
1 16 21 16 22 29748
0 16 22 29271
1 16 22 17 22 30336
1 16 22 16 23 29271
0 16 23 27503
1 16 23 17 23 31807
1 16 23 16 24 28001
0 16 24 28001
1 16 24 17 24 30284
1 16 24 16 25 29327
0 16 25 29327
1 16 25 17 25 29958
1 16 25 16 26 29958
0 16 26 29958
1 16 26 17 26 29958
1 16 26 16 27 29958
0 16 27 29958
1 16 27 17 27 29958
1 16 27 16 28 29958
0 16 28 29958
1 16 28 17 28 29958
0 17 0 28865
1 17 0 18 0 28865
1 17 0 17 1 28865
0 17 1 28297
1 17 1 18 1 28297
1 17 1 17 2 28994
0 17 2 28994
1 17 2 18 2 31434
1 17 2 17 3 32911
0 17 3 32911
1 17 3 18 3 32911
1 17 3 17 4 34609
0 17 4 34609
1 17 4 18 4 34609
1 17 4 17 5 34609
0 17 5 32325
1 17 5 18 5 32325
1 17 5 17 6 32325
0 17 6 29393
1 17 6 18 6 29561
1 17 6 17 7 29393
0 17 7 27576
1 17 7 18 7 27576
1 17 7 17 8 27576
0 17 8 18890
1 17 8 18 8 34792
1 17 8 17 9 37645
0 17 9 37645
1 17 9 18 9 37645
1 17 9 17 10 37645
0 17 10 30538
1 17 10 18 10 31007
1 17 10 17 11 38122
0 17 11 38122
1 17 11 18 11 38122
1 17 11 17 12 38122
0 17 12 33843
1 17 12 18 12 33843
1 17 12 17 13 33843
0 17 13 32123
1 17 13 18 13 32123
1 17 13 17 14 32123
0 17 14 27375
1 17 14 18 14 28599
1 17 14 17 15 31878
0 17 15 31878
1 17 15 18 15 31878
1 17 15 17 16 31878
0 17 16 29778
1 17 16 18 16 29778
1 17 16 17 17 29778
0 17 17 28846
1 17 17 18 17 28846
1 17 17 17 18 29752
0 17 18 29752
1 17 18 18 18 29840
1 17 18 17 19 30469
0 17 19 30469
1 17 19 18 19 30469
1 17 19 17 20 30469
0 17 20 27532
1 17 20 18 20 29486
1 17 20 17 21 30303
0 17 21 30303
1 17 21 18 21 30453
1 17 21 17 22 30336
0 17 22 30336
1 17 22 18 22 30336
1 17 22 17 23 31807
0 17 23 31807
1 17 23 18 23 31807
1 17 23 17 24 31807
0 17 24 30284
1 17 24 18 24 30284
1 17 24 17 25 30284
0 17 25 29958
1 17 25 18 25 29958
1 17 25 17 26 29958
0 17 26 29958
1 17 26 18 26 29958
1 17 26 17 27 29958
0 17 27 29958
1 17 27 18 27 29958
1 17 27 17 28 29958
0 17 28 29958
1 17 28 18 28 29958
0 18 0 26829
1 18 0 19 0 29810
1 18 0 18 1 27896
0 18 1 27896
1 18 1 19 1 30736
1 18 1 18 2 31434
0 18 2 31434
1 18 2 19 2 31434
1 18 2 18 3 31941
0 18 3 31941
1 18 3 19 3 31941
1 18 3 18 4 31965
0 18 4 31965
1 18 4 19 4 31965
1 18 4 18 5 31965
0 18 5 31803
1 18 5 19 5 31803
1 18 5 18 6 31803
0 18 6 29561
1 18 6 19 6 29561
1 18 6 18 7 29561
0 18 7 25912
1 18 7 19 7 27168
1 18 7 18 8 34792
0 18 8 34792
1 18 8 19 8 36760
1 18 8 18 9 34792
0 18 9 26885
1 18 9 19 9 31212
1 18 9 18 10 31007
0 18 10 31007
1 18 10 19 10 32485
1 18 10 18 11 32619
0 18 11 32619
1 18 11 19 11 32619
1 18 11 18 12 32619
0 18 12 30799
1 18 12 19 12 30799
1 18 12 18 13 30799
0 18 13 30306
1 18 13 19 13 30306
1 18 13 18 14 30306
0 18 14 28599
1 18 14 19 14 30022
1 18 14 18 15 28599
0 18 15 28487
1 18 15 19 15 30419
1 18 15 18 16 28487
0 18 16 26973
1 18 16 19 16 29761
1 18 16 18 17 27309
0 18 17 27309
1 18 17 19 17 29530
1 18 17 18 18 29840
0 18 18 29840
1 18 18 19 18 30194
1 18 18 18 19 30232
0 18 19 30232
1 18 19 19 19 30232
1 18 19 18 20 30232
0 18 20 29486
1 18 20 19 20 29486
1 18 20 18 21 30453
0 18 21 30453
1 18 21 19 21 30453
1 18 21 18 22 30453
0 18 22 28549
1 18 22 19 22 30149
1 18 22 18 23 29701
0 18 23 29701
1 18 23 19 23 29701
1 18 23 18 24 30025
0 18 24 30025
1 18 24 19 24 30025
1 18 24 18 25 30025
0 18 25 29958
1 18 25 19 25 29958
1 18 25 18 26 29958
0 18 26 29958
1 18 26 19 26 29958
1 18 26 18 27 29958
0 18 27 29958
1 18 27 19 27 29958
1 18 27 18 28 29958
0 18 28 29958
1 18 28 19 28 29958
0 19 0 29810
1 19 0 20 0 29958
1 19 0 19 1 30736
0 19 1 30736
1 19 1 20 1 30736
1 19 1 19 2 30736
0 19 2 29913
1 19 2 20 2 29913
1 19 2 19 3 30247
0 19 3 30247
1 19 3 20 3 30247
1 19 3 19 4 30247
0 19 4 30075
1 19 4 20 4 31038
1 19 4 19 5 30075
0 19 5 28656
1 19 5 20 5 28656
1 19 5 19 6 28656
0 19 6 27456
1 19 6 20 6 29411
1 19 6 19 7 27456
0 19 7 27168
1 19 7 20 7 30717
1 19 7 19 8 36760
0 19 8 36760
1 19 8 20 8 36760
1 19 8 19 9 36760
0 19 9 31212
1 19 9 20 9 31212
1 19 9 19 10 32485
0 19 10 32485
1 19 10 20 10 32485
1 19 10 19 11 32485
0 19 11 30768
1 19 11 20 11 30768
1 19 11 19 12 30768
0 19 12 30198
1 19 12 20 12 30198
1 19 12 19 13 30198
0 19 13 30103
1 19 13 20 13 30103
1 19 13 19 14 30103
0 19 14 30022
1 19 14 20 14 30800
1 19 14 19 15 30419
0 19 15 30419
1 19 15 20 15 31198
1 19 15 19 16 30419
0 19 16 29761
1 19 16 20 16 31638
1 19 16 19 17 29761
0 19 17 29530
1 19 17 20 17 29576
1 19 17 19 18 30194
0 19 18 30194
1 19 18 20 18 30194
1 19 18 19 19 30194
0 19 19 29798
1 19 19 20 19 29798
1 19 19 19 20 29798
0 19 20 28981
1 19 20 20 20 28981
1 19 20 19 21 30250
0 19 21 30250
1 19 21 20 21 30575
1 19 21 19 22 30250
0 19 22 30149
1 19 22 20 22 30149
1 19 22 19 23 30149
0 19 23 29624
1 19 23 20 23 29624
1 19 23 19 24 29958
0 19 24 29958
1 19 24 20 24 29958
1 19 24 19 25 29958
0 19 25 29958
1 19 25 20 25 29958
1 19 25 19 26 29958
0 19 26 29958
1 19 26 20 26 29958
1 19 26 19 27 29958
0 19 27 29958
1 19 27 20 27 29958
1 19 27 19 28 29958
0 19 28 29958
1 19 28 20 28 29958
0 20 0 29958
1 20 0 21 0 29958
1 20 0 20 1 29958
0 20 1 29736
1 20 1 21 1 29995
1 20 1 20 2 29736
0 20 2 26807
1 20 2 21 2 28769
1 20 2 20 3 29768
0 20 3 29768
1 20 3 21 3 29768
1 20 3 20 4 31038
0 20 4 31038
1 20 4 21 4 31780
1 20 4 20 5 31038
0 20 5 28428
1 20 5 21 5 28428
1 20 5 20 6 29411
0 20 6 29411
1 20 6 21 6 29411
1 20 6 20 7 30717
0 20 7 30717
1 20 7 21 7 30717
1 20 7 20 8 30717
0 20 8 29764
1 20 8 21 8 29764
1 20 8 20 9 30124
0 20 9 30124
1 20 9 21 9 36395
1 20 9 20 10 30124
0 20 10 30016
1 20 10 21 10 30016
1 20 10 20 11 30016
0 20 11 29610
1 20 11 21 11 29610
1 20 11 20 12 29610
0 20 12 29282
1 20 12 21 12 29324
1 20 12 20 13 29282
0 20 13 27809
1 20 13 21 13 29816
1 20 13 20 14 30800
0 20 14 30800
1 20 14 21 14 30800
1 20 14 20 15 31198
0 20 15 31198
1 20 15 21 15 31198
1 20 15 20 16 31638
0 20 16 31638
1 20 16 21 16 31638
1 20 16 20 17 31638
0 20 17 29576
1 20 17 21 17 29668
1 20 17 20 18 29576
0 20 18 29255
1 20 18 21 18 29630
1 20 18 20 19 29255
0 20 19 28045
1 20 19 21 19 28362
1 20 19 20 20 28045
0 20 20 26576
1 20 20 21 20 29207
1 20 20 20 21 30575
0 20 21 30575
1 20 21 21 21 30575
1 20 21 20 22 30575
0 20 22 29909
1 20 22 21 22 30275
1 20 22 20 23 29909
0 20 23 29297
1 20 23 21 23 30291
1 20 23 20 24 29958
0 20 24 29958
1 20 24 21 24 29958
1 20 24 20 25 29958
0 20 25 29958
1 20 25 21 25 29958
1 20 25 20 26 29958
0 20 26 29958
1 20 26 21 26 29958
1 20 26 20 27 29958
0 20 27 29958
1 20 27 21 27 29958
1 20 27 20 28 29958
0 20 28 29958
1 20 28 21 28 29958
0 21 0 29958
1 21 0 22 0 29958
1 21 0 21 1 29995
0 21 1 29995
1 21 1 22 1 29995
1 21 1 21 2 29995
0 21 2 28769
1 21 2 22 2 29976
1 21 2 21 3 28769
0 21 3 28099
1 21 3 22 3 29785
1 21 3 21 4 31780
0 21 4 31780
1 21 4 22 4 32426
1 21 4 21 5 31780
0 21 5 26485
1 21 5 22 5 31217
1 21 5 21 6 27678
0 21 6 27678
1 21 6 22 6 29610
1 21 6 21 7 27678
0 21 7 27225
1 21 7 22 7 27225
1 21 7 21 8 27408
0 21 8 27408
1 21 8 22 8 34577
1 21 8 21 9 36395
0 21 9 36395
1 21 9 22 9 36395
1 21 9 21 10 36395
0 21 10 27441
1 21 10 22 10 27657
1 21 10 21 11 28074
0 21 11 28074
1 21 11 22 11 29187
1 21 11 21 12 29324
0 21 12 29324
1 21 12 22 12 29324
1 21 12 21 13 29816
0 21 13 29816
1 21 13 22 13 30516
1 21 13 21 14 29816
0 21 14 29070
1 21 14 22 14 31943
1 21 14 21 15 29070
0 21 15 26621
1 21 15 22 15 30542
1 21 15 21 16 29795
0 21 16 29795
1 21 16 22 16 29795
1 21 16 21 17 29795
0 21 17 29668
1 21 17 22 17 30192
1 21 17 21 18 29668
0 21 18 29630
1 21 18 22 18 29630
1 21 18 21 19 29630
0 21 19 28362
1 21 19 22 19 28362
1 21 19 21 20 29207
0 21 20 29207
1 21 20 22 20 30097
1 21 20 21 21 29479
0 21 21 29479
1 21 21 22 21 29479
1 21 21 21 22 30275
0 21 22 30275
1 21 22 22 22 30275
1 21 22 21 23 30291
0 21 23 30291
1 21 23 22 23 30291
1 21 23 21 24 30291
0 21 24 29958
1 21 24 22 24 29958
1 21 24 21 25 29958
0 21 25 29958
1 21 25 22 25 29958
1 21 25 21 26 29958
0 21 26 29958
1 21 26 22 26 29958
1 21 26 21 27 29958
0 21 27 29958
1 21 27 22 27 29958
1 21 27 21 28 29958
0 21 28 29958
1 21 28 22 28 29958
0 22 0 29958
1 22 0 23 0 29958
1 22 0 22 1 29958
0 22 1 29958
1 22 1 23 1 29958
1 22 1 22 2 29976
0 22 2 29976
1 22 2 23 2 29976
1 22 2 22 3 29976
0 22 3 29785
1 22 3 23 3 29958
1 22 3 22 4 32426
0 22 4 32426
1 22 4 23 4 32426
1 22 4 22 5 32426
0 22 5 31217
1 22 5 23 5 33972
1 22 5 22 6 31217
0 22 6 29610
1 22 6 23 6 29610
1 22 6 22 7 29610
0 22 7 22623
1 22 7 23 7 30735
1 22 7 22 8 34577
0 22 8 34577
1 22 8 23 8 37577
1 22 8 22 9 34577
0 22 9 20794
1 22 9 23 9 34751
1 22 9 22 10 27657
0 22 10 27657
1 22 10 23 10 29496
1 22 10 22 11 29187
0 22 11 29187
1 22 11 23 11 29187
1 22 11 22 12 29189
0 22 12 29189
1 22 12 23 12 29189
1 22 12 22 13 30516
0 22 13 30516
1 22 13 23 13 30516
1 22 13 22 14 31943
0 22 14 31943
1 22 14 23 14 31943
1 22 14 22 15 31943
0 22 15 30542
1 22 15 23 15 30542
1 22 15 22 16 30542
0 22 16 29348
1 22 16 23 16 29708
1 22 16 22 17 30192
0 22 17 30192
1 22 17 23 17 30192
1 22 17 22 18 30192
0 22 18 29518
1 22 18 23 18 29518
1 22 18 22 19 29518
0 22 19 28074
1 22 19 23 19 29838
1 22 19 22 20 30097
0 22 20 30097
1 22 20 23 20 30194
1 22 20 22 21 30097
0 22 21 29152
1 22 21 23 21 30215
1 22 21 22 22 29171
0 22 22 29171
1 22 22 23 22 30067
1 22 22 22 23 30048
0 22 23 30048
1 22 23 23 23 30048
1 22 23 22 24 30048
0 22 24 29958
1 22 24 23 24 29958
1 22 24 22 25 29958
0 22 25 29958
1 22 25 23 25 29958
1 22 25 22 26 29958
0 22 26 29958
1 22 26 23 26 29958
1 22 26 22 27 29958
0 22 27 29958
1 22 27 23 27 29958
1 22 27 22 28 29958
0 22 28 29958
1 22 28 23 28 29958
0 23 0 29958
1 23 0 24 0 29958
1 23 0 23 1 29958
0 23 1 29958
1 23 1 24 1 29958
1 23 1 23 2 29958
0 23 2 29958
1 23 2 24 2 29958
1 23 2 23 3 29958
0 23 3 29958
1 23 3 24 3 29958
1 23 3 23 4 30415
0 23 4 30415
1 23 4 24 4 30415
1 23 4 23 5 33972
0 23 5 33972
1 23 5 24 5 33972
1 23 5 23 6 33972
0 23 6 28623
1 23 6 24 6 30537
1 23 6 23 7 30735
0 23 7 30735
1 23 7 24 7 30735
1 23 7 23 8 37577
0 23 8 37577
1 23 8 24 8 37577
1 23 8 23 9 37577
0 23 9 34751
1 23 9 24 9 34751
1 23 9 23 10 34751
0 23 10 29496
1 23 10 24 10 29496
1 23 10 23 11 29496
0 23 11 29112
1 23 11 24 11 30077
1 23 11 23 12 29112
0 23 12 28298
1 23 12 24 12 29813
1 23 12 23 13 30077
0 23 13 30077
1 23 13 24 13 30077
1 23 13 23 14 30200
0 23 14 30200
1 23 14 24 14 30804
1 23 14 23 15 30200
0 23 15 29770
1 23 15 24 15 29994
1 23 15 23 16 29770
0 23 16 29708
1 23 16 24 16 29844
1 23 16 23 17 29708
0 23 17 29592
1 23 17 24 17 29592
1 23 17 23 18 29592
0 23 18 28102
1 23 18 24 18 28102
1 23 18 23 19 29838
0 23 19 29838
1 23 19 24 19 29890
1 23 19 23 20 30194
0 23 20 30194
1 23 20 24 20 30194
1 23 20 23 21 30215
0 23 21 30215
1 23 21 24 21 30215
1 23 21 23 22 30215
0 23 22 30067
1 23 22 24 22 30067
1 23 22 23 23 30067
0 23 23 29958
1 23 23 24 23 29958
1 23 23 23 24 29958
0 23 24 29958
1 23 24 24 24 29958
1 23 24 23 25 29958
0 23 25 29958
1 23 25 24 25 29958
1 23 25 23 26 29958
0 23 26 29958
1 23 26 24 26 29958
1 23 26 23 27 29958
0 23 27 29958
1 23 27 24 27 29958
1 23 27 23 28 29958
0 23 28 29958
1 23 28 24 28 29958
0 24 0 29958
1 24 0 25 0 29958
1 24 0 24 1 29958
0 24 1 29958
1 24 1 25 1 29958
1 24 1 24 2 29958
0 24 2 29958
1 24 2 25 2 29958
1 24 2 24 3 29958
0 24 3 29958
1 24 3 25 3 29958
1 24 3 24 4 30043
0 24 4 30043
1 24 4 25 4 30043
1 24 4 24 5 30089
0 24 5 30089
1 24 5 25 5 30089
1 24 5 24 6 30537
0 24 6 30537
1 24 6 25 6 30537
1 24 6 24 7 30537
0 24 7 26955
1 24 7 25 7 30358
1 24 7 24 8 26955
0 24 8 25554
1 24 8 25 8 29819
1 24 8 24 9 28678
0 24 9 28678
1 24 9 25 9 29643
1 24 9 24 10 29431
0 24 10 29431
1 24 10 25 10 30043
1 24 10 24 11 30077
0 24 11 30077
1 24 11 25 11 30077
1 24 11 24 12 30077
0 24 12 29813
1 24 12 25 12 29958
1 24 12 24 13 29960
0 24 13 29960
1 24 13 25 13 30383
1 24 13 24 14 30804
0 24 14 30804
1 24 14 25 14 30804
1 24 14 24 15 30804
0 24 15 29994
1 24 15 25 15 30369
1 24 15 24 16 29994
0 24 16 29844
1 24 16 25 16 29958
1 24 16 24 17 29844
0 24 17 29350
1 24 17 25 17 30087
1 24 17 24 18 29350
0 24 18 27800
1 24 18 25 18 29894
1 24 18 24 19 29890
0 24 19 29890
1 24 19 25 19 29951
1 24 19 24 20 29958
0 24 20 29958
1 24 20 25 20 29958
1 24 20 24 21 29958
0 24 21 29958
1 24 21 25 21 29958
1 24 21 24 22 29958
0 24 22 29958
1 24 22 25 22 29958
1 24 22 24 23 29958
0 24 23 29958
1 24 23 25 23 29958
1 24 23 24 24 29958
0 24 24 29958
1 24 24 25 24 29958
1 24 24 24 25 29958
0 24 25 29958
1 24 25 25 25 29958
1 24 25 24 26 29958
0 24 26 29958
1 24 26 25 26 29958
1 24 26 24 27 29958
0 24 27 29958
1 24 27 25 27 29958
1 24 27 24 28 29958
0 24 28 29958
1 24 28 25 28 29958
0 25 0 29958
1 25 0 25 1 29958
0 25 1 29958
1 25 1 25 2 29958
0 25 2 29958
1 25 2 25 3 29958
0 25 3 29958
1 25 3 25 4 29958
0 25 4 29958
1 25 4 25 5 30012
0 25 5 30012
1 25 5 25 6 30012
0 25 6 29451
1 25 6 25 7 30358
0 25 7 30358
1 25 7 25 8 30358
0 25 8 29819
1 25 8 25 9 29819
0 25 9 29643
1 25 9 25 10 30043
0 25 10 30043
1 25 10 25 11 30043
0 25 11 29958
1 25 11 25 12 29958
0 25 12 29958
1 25 12 25 13 30383
0 25 13 30383
1 25 13 25 14 30383
0 25 14 29975
1 25 14 25 15 30369
0 25 15 30369
1 25 15 25 16 30369
0 25 16 29958
1 25 16 25 17 30087
0 25 17 30087
1 25 17 25 18 30087
0 25 18 29894
1 25 18 25 19 29951
0 25 19 29951
1 25 19 25 20 29958
0 25 20 29958
1 25 20 25 21 29958
0 25 21 29958
1 25 21 25 22 29958
0 25 22 29958
1 25 22 25 23 29958
0 25 23 29958
1 25 23 25 24 29958
0 25 24 29958
1 25 24 25 25 29958
0 25 25 29958
1 25 25 25 26 29958
0 25 26 29958
1 25 26 25 27 29958
0 25 27 29958
1 25 27 25 28 29958
0 25 28 29958
